logs cpu 0
logs cpu 0
Execute 2024-01-07 12:26:55.655359402 +0000 UTC m=+0.002120984 chameleon19
Execute 2024-01-07 12:26:55.655804318 +0000 UTC m=+0.002565938 chameleon12
logs q1 Time start 2024-01-07 12:26:55.655988541 +0000 UTC m=+0.002750123 chameleon19
Execute 2024-01-07 12:26:55.656001995 +0000 UTC m=+0.002763615 chameleon15
Execute 2024-01-07 12:26:55.656066364 +0000 UTC m=+0.002827945 chameleon25
Execute 2024-01-07 12:26:55.656010059 +0000 UTC m=+0.002771704 chameleon13
Execute 2024-01-07 12:26:55.656162205 +0000 UTC m=+0.002923789 chameleon22
Execute 2024-01-07 12:26:55.656043644 +0000 UTC m=+0.002805226 chameleon36
Execute 2024-01-07 12:26:55.65602692 +0000 UTC m=+0.002788502 chameleon20
Execute 2024-01-07 12:26:55.656219603 +0000 UTC m=+0.002981184 chameleon29
Execute 2024-01-07 12:26:55.655821292 +0000 UTC m=+0.002582913 chameleon10
Execute 2024-01-07 12:26:55.655893785 +0000 UTC m=+0.002655367 chameleon9
Execute 2024-01-07 12:26:55.656250805 +0000 UTC m=+0.003012414 chameleon27
Execute 2024-01-07 12:26:55.656672852 +0000 UTC m=+0.003434434 chameleon33
Execute 2024-01-07 12:26:55.65668893 +0000 UTC m=+0.003450511 chameleon40
Execute 2024-01-07 12:26:55.656660114 +0000 UTC m=+0.003421695 chameleon102
Execute 2024-01-07 12:26:55.656743963 +0000 UTC m=+0.003505544 chameleon42
Execute 2024-01-07 12:26:55.656727565 +0000 UTC m=+0.003489147 chameleon37
Execute 2024-01-07 12:26:55.656292764 +0000 UTC m=+0.003054346 chameleon32
Execute 2024-01-07 12:26:55.65663099 +0000 UTC m=+0.003392571 chameleon31
Execute 2024-01-07 12:26:55.656834025 +0000 UTC m=+0.003595601 chameleon45
Execute 2024-01-07 12:26:55.656862756 +0000 UTC m=+0.003624338 chameleon48
Execute 2024-01-07 12:26:55.656823788 +0000 UTC m=+0.003585377 chameleon41
Execute 2024-01-07 12:26:55.656885163 +0000 UTC m=+0.003646745 chameleon46
Execute 2024-01-07 12:26:55.656851854 +0000 UTC m=+0.003613435 chameleon43
Execute 2024-01-07 12:26:55.65691416 +0000 UTC m=+0.003675742 chameleon50
Execute 2024-01-07 12:26:55.656917353 +0000 UTC m=+0.003678929 chameleon49
Execute 2024-01-07 12:26:55.656938607 +0000 UTC m=+0.003700189 chameleon54
Execute 2024-01-07 12:26:55.656966317 +0000 UTC m=+0.003727898 chameleon57
Execute 2024-01-07 12:26:55.656980869 +0000 UTC m=+0.003742444 chameleon55
Execute 2024-01-07 12:26:55.656939173 +0000 UTC m=+0.003700760 chameleon53
Execute 2024-01-07 12:26:55.656999927 +0000 UTC m=+0.003761509 chameleon61
Execute 2024-01-07 12:26:55.65700506 +0000 UTC m=+0.003766641 chameleon59
Execute 2024-01-07 12:26:55.657014402 +0000 UTC m=+0.003775984 chameleon62
Execute 2024-01-07 12:26:55.657011609 +0000 UTC m=+0.003773191 chameleon64
Execute 2024-01-07 12:26:55.657047458 +0000 UTC m=+0.003809033 chameleon65
Execute 2024-01-07 12:26:55.657018018 +0000 UTC m=+0.003779593 chameleon66
Execute 2024-01-07 12:26:55.657062494 +0000 UTC m=+0.003824075 chameleon69
Execute 2024-01-07 12:26:55.657090912 +0000 UTC m=+0.003852493 chameleon70
Execute 2024-01-07 12:26:55.657073592 +0000 UTC m=+0.003835174 chameleon68
Execute 2024-01-07 12:26:55.657089678 +0000 UTC m=+0.003851285 chameleon77
Execute 2024-01-07 12:26:55.657133914 +0000 UTC m=+0.003895497 chameleon87
Execute 2024-01-07 12:26:55.657144016 +0000 UTC m=+0.003905597 chameleon89
Execute 2024-01-07 12:26:55.65716204 +0000 UTC m=+0.003923621 chameleon99
Execute 2024-01-07 12:26:55.6571708 +0000 UTC m=+0.003932382 chameleon101
Execute 2024-01-07 12:26:55.657170171 +0000 UTC m=+0.003931752 chameleon157
Execute 2024-01-07 12:26:55.657137813 +0000 UTC m=+0.003899395 chameleon92
Execute 2024-01-07 12:26:55.657101802 +0000 UTC m=+0.003863384 chameleon82
Execute 2024-01-07 12:26:55.657164578 +0000 UTC m=+0.003926154 chameleon98
Execute 2024-01-07 12:26:55.65712427 +0000 UTC m=+0.003885851 chameleon79
Execute 2024-01-07 12:26:55.657135837 +0000 UTC m=+0.003897419 chameleon84
Execute 2024-01-07 12:26:55.657152719 +0000 UTC m=+0.003914300 chameleon95
Execute 2024-01-07 12:26:55.657222885 +0000 UTC m=+0.003984467 chameleon104
Execute 2024-01-07 12:26:55.657154319 +0000 UTC m=+0.003915901 chameleon96
Execute 2024-01-07 12:26:55.657334354 +0000 UTC m=+0.004095961 chameleon105
Execute 2024-01-07 12:26:55.657375497 +0000 UTC m=+0.004137079 chameleon111
Execute 2024-01-07 12:26:55.657381314 +0000 UTC m=+0.004142895 chameleon116
Execute 2024-01-07 12:26:55.657383385 +0000 UTC m=+0.004144966 chameleon113
Execute 2024-01-07 12:26:55.657400439 +0000 UTC m=+0.004162014 chameleon17
Execute 2024-01-07 12:26:55.657402316 +0000 UTC m=+0.004163896 chameleon118
Execute 2024-01-07 12:26:55.65735338 +0000 UTC m=+0.004114962 chameleon112
Execute 2024-01-07 12:26:55.657429248 +0000 UTC m=+0.004190831 chameleon126
Execute 2024-01-07 12:26:55.657427672 +0000 UTC m=+0.004189253 chameleon129
Execute 2024-01-07 12:26:55.657419563 +0000 UTC m=+0.004181156 chameleon120
Execute 2024-01-07 12:26:55.657335742 +0000 UTC m=+0.004097383 chameleon110
Execute 2024-01-07 12:26:55.657577771 +0000 UTC m=+0.004339353 chameleon131
Execute 2024-01-07 12:26:55.65759634 +0000 UTC m=+0.004357921 chameleon151
Execute 2024-01-07 12:26:55.657608077 +0000 UTC m=+0.004369658 chameleon147
Execute 2024-01-07 12:26:55.657598824 +0000 UTC m=+0.004360406 chameleon150
Execute 2024-01-07 12:26:55.657620085 +0000 UTC m=+0.004381667 chameleon143
Execute 2024-01-07 12:26:55.657621639 +0000 UTC m=+0.004383214 chameleon1
Execute 2024-01-07 12:26:55.657607781 +0000 UTC m=+0.004369357 chameleon155
Execute 2024-01-07 12:26:55.657611896 +0000 UTC m=+0.004373477 chameleon138
Execute 2024-01-07 12:26:55.657406061 +0000 UTC m=+0.004167643 chameleon121
Execute 2024-01-07 12:26:55.65757471 +0000 UTC m=+0.004336292 chameleon134
Execute 2024-01-07 12:26:55.657611648 +0000 UTC m=+0.004373230 chameleon140
Execute 2024-01-07 12:26:55.657689041 +0000 UTC m=+0.004450618 chameleon8
Execute 2024-01-07 12:26:55.658158742 +0000 UTC m=+0.004920317 chameleon188
Execute 2024-01-07 12:26:55.658164845 +0000 UTC m=+0.004926426 chameleon178
Execute 2024-01-07 12:26:55.658167146 +0000 UTC m=+0.004928728 chameleon177
Execute 2024-01-07 12:26:55.65819326 +0000 UTC m=+0.004954842 chameleon179
Execute 2024-01-07 12:26:55.658214459 +0000 UTC m=+0.004976040 chameleon181
Execute 2024-01-07 12:26:55.658225057 +0000 UTC m=+0.004986632 chameleon205
Execute 2024-01-07 12:26:55.658239721 +0000 UTC m=+0.005001303 chameleon187
Execute 2024-01-07 12:26:55.65824406 +0000 UTC m=+0.005005641 chameleon191
Execute 2024-01-07 12:26:55.658258846 +0000 UTC m=+0.005020427 chameleon193
Execute 2024-01-07 12:26:55.658249794 +0000 UTC m=+0.005011375 chameleon190
Execute 2024-01-07 12:26:55.658194942 +0000 UTC m=+0.004956517 chameleon180
Execute 2024-01-07 12:26:55.658324187 +0000 UTC m=+0.005085762 chameleon197
Execute 2024-01-07 12:26:55.658159804 +0000 UTC m=+0.004921425 chameleon158
Execute 2024-01-07 12:26:55.658361824 +0000 UTC m=+0.005123405 chameleon217
Execute 2024-01-07 12:26:55.658357332 +0000 UTC m=+0.005118941 chameleon210
Execute 2024-01-07 12:26:55.65832074 +0000 UTC m=+0.005082321 chameleon198
Execute 2024-01-07 12:26:55.658396681 +0000 UTC m=+0.005158262 chameleon222
Execute 2024-01-07 12:26:55.658396122 +0000 UTC m=+0.005157703 chameleon221
Execute 2024-01-07 12:26:55.658401566 +0000 UTC m=+0.005163148 chameleon239
Execute 2024-01-07 12:26:55.658205706 +0000 UTC m=+0.004967282 chameleon182
Execute 2024-01-07 12:26:55.658406482 +0000 UTC m=+0.005168063 chameleon226
Execute 2024-01-07 12:26:55.658419529 +0000 UTC m=+0.005181111 chameleon234
Execute 2024-01-07 12:26:55.658457705 +0000 UTC m=+0.005219287 chameleon240
Execute 2024-01-07 12:26:55.658458018 +0000 UTC m=+0.005219600 chameleon241
Execute 2024-01-07 12:26:55.658444103 +0000 UTC m=+0.005205684 chameleon236
Execute 2024-01-07 12:26:55.658430063 +0000 UTC m=+0.005191708 chameleon232
Execute 2024-01-07 12:26:55.658517811 +0000 UTC m=+0.005279388 chameleon162
Execute 2024-01-07 12:26:55.658529201 +0000 UTC m=+0.005290783 chameleon159
Execute 2024-01-07 12:26:55.658537657 +0000 UTC m=+0.005299239 chameleon171
Execute 2024-01-07 12:26:55.658568302 +0000 UTC m=+0.005329886 chameleon163
Execute 2024-01-07 12:26:55.65833438 +0000 UTC m=+0.005095962 chameleon199
Execute 2024-01-07 12:26:55.658259261 +0000 UTC m=+0.005020841 chameleon196
Execute 2024-01-07 12:26:55.658379079 +0000 UTC m=+0.005140661 chameleon214
Execute 2024-01-07 12:26:55.658344668 +0000 UTC m=+0.005106250 chameleon204
Execute 2024-01-07 12:26:55.658381905 +0000 UTC m=+0.005143486 chameleon212
Execute 2024-01-07 12:26:55.659041315 +0000 UTC m=+0.005802891 chameleon250
Execute 2024-01-07 12:26:55.658401115 +0000 UTC m=+0.005162692 chameleon224
Execute 2024-01-07 12:26:55.659115028 +0000 UTC m=+0.005876737 chameleon166
Execute 2024-01-07 12:26:55.659030806 +0000 UTC m=+0.005792382 chameleon251
Execute 2024-01-07 12:26:55.65927368 +0000 UTC m=+0.006035287 chameleon254
Execute 2024-01-07 12:26:55.659274755 +0000 UTC m=+0.006036380 chameleon173
Execute 2024-01-07 12:26:55.658347471 +0000 UTC m=+0.005109054 chameleon203
Execute 2024-01-07 12:26:55.658329308 +0000 UTC m=+0.005090891 chameleon201
Execute 2024-01-07 12:26:55.658382673 +0000 UTC m=+0.005144253 chameleon223
Execute 2024-01-07 12:26:55.658405994 +0000 UTC m=+0.005167576 chameleon228
Execute 2024-01-07 12:26:55.658471654 +0000 UTC m=+0.005233230 chameleon229
Execute 2024-01-07 12:26:55.659500529 +0000 UTC m=+0.006262149 chameleon255
Execute 2024-01-07 12:26:55.659718208 +0000 UTC m=+0.006479814 chameleon360
Execute 2024-01-07 12:26:55.658432379 +0000 UTC m=+0.005193961 chameleon246
Execute 2024-01-07 12:26:55.658499743 +0000 UTC m=+0.005261324 chameleon165
Execute 2024-01-07 12:26:55.658509843 +0000 UTC m=+0.005271423 chameleon243
Execute 2024-01-07 12:26:55.659019179 +0000 UTC m=+0.005780755 chameleon249
Execute 2024-01-07 12:26:55.660016052 +0000 UTC m=+0.006777634 chameleon258
Execute 2024-01-07 12:26:55.658415911 +0000 UTC m=+0.005177493 chameleon231
Execute 2024-01-07 12:26:55.660115901 +0000 UTC m=+0.006877487 chameleon257
Execute 2024-01-07 12:26:55.658388913 +0000 UTC m=+0.005150494 chameleon216
Execute 2024-01-07 12:26:55.660231005 +0000 UTC m=+0.006992598 chameleon263
Execute 2024-01-07 12:26:55.658994044 +0000 UTC m=+0.005755619 chameleon247
Execute 2024-01-07 12:26:55.658712575 +0000 UTC m=+0.005474158 chameleon172
Execute 2024-01-07 12:26:55.66037717 +0000 UTC m=+0.007138750 chameleon259
Execute 2024-01-07 12:26:55.660520564 +0000 UTC m=+0.007282192 chameleon264
Execute 2024-01-07 12:26:55.660542683 +0000 UTC m=+0.007304268 chameleon265
Execute 2024-01-07 12:26:55.660610219 +0000 UTC m=+0.007371809 chameleon270
Execute 2024-01-07 12:26:55.660674203 +0000 UTC m=+0.007435779 chameleon266
Execute 2024-01-07 12:26:55.660779579 +0000 UTC m=+0.007541162 chameleon271
Execute 2024-01-07 12:26:55.660815401 +0000 UTC m=+0.007577018 chameleon400
Execute 2024-01-07 12:26:55.660914021 +0000 UTC m=+0.007675596 chameleon363
Execute 2024-01-07 12:26:55.66098757 +0000 UTC m=+0.007749149 chameleon361
Execute 2024-01-07 12:26:55.661054286 +0000 UTC m=+0.007815866 chameleon366
Execute 2024-01-07 12:26:55.661092802 +0000 UTC m=+0.007854385 chameleon365
Execute 2024-01-07 12:26:55.661186804 +0000 UTC m=+0.007948391 chameleon276
Execute 2024-01-07 12:26:55.661212165 +0000 UTC m=+0.007973746 chameleon369
Execute 2024-01-07 12:26:55.661288386 +0000 UTC m=+0.008049963 chameleon370
Execute 2024-01-07 12:26:55.661349192 +0000 UTC m=+0.008110768 chameleon289
Execute 2024-01-07 12:26:55.661486673 +0000 UTC m=+0.008248258 chameleon373
Execute 2024-01-07 12:26:55.661689631 +0000 UTC m=+0.008451231 chameleon372
Execute 2024-01-07 12:26:55.661799835 +0000 UTC m=+0.008561429 chameleon376
Execute 2024-01-07 12:26:55.661825896 +0000 UTC m=+0.008587478 chameleon382
Execute 2024-01-07 12:26:55.661760766 +0000 UTC m=+0.008522390 chameleon377
Execute 2024-01-07 12:26:55.661879811 +0000 UTC m=+0.008641393 chameleon381
Execute 2024-01-07 12:26:55.661990027 +0000 UTC m=+0.008751602 chameleon291
Execute 2024-01-07 12:26:55.661955835 +0000 UTC m=+0.008717411 chameleon292
Execute 2024-01-07 12:26:55.662041394 +0000 UTC m=+0.008802969 chameleon295
Execute 2024-01-07 12:26:55.662093027 +0000 UTC m=+0.008854604 chameleon293
Execute 2024-01-07 12:26:55.662241842 +0000 UTC m=+0.009003418 chameleon298
Execute 2024-01-07 12:26:55.66223205 +0000 UTC m=+0.008993631 chameleon299
Execute 2024-01-07 12:26:55.662351842 +0000 UTC m=+0.009113417 chameleon304
Execute 2024-01-07 12:26:55.662287757 +0000 UTC m=+0.009049333 chameleon383
Execute 2024-01-07 12:26:55.662376773 +0000 UTC m=+0.009138349 chameleon302
Execute 2024-01-07 12:26:55.662449366 +0000 UTC m=+0.009210964 chameleon385
Execute 2024-01-07 12:26:55.66253505 +0000 UTC m=+0.009296626 chameleon386
Execute 2024-01-07 12:26:55.662615112 +0000 UTC m=+0.009376688 chameleon306
Execute 2024-01-07 12:26:55.662678785 +0000 UTC m=+0.009440360 chameleon387
Execute 2024-01-07 12:26:55.662637508 +0000 UTC m=+0.009399089 chameleon388
Execute 2024-01-07 12:26:55.662781569 +0000 UTC m=+0.009543149 chameleon391
Execute 2024-01-07 12:26:55.662820159 +0000 UTC m=+0.009581735 chameleon389
Execute 2024-01-07 12:26:55.662922936 +0000 UTC m=+0.009684515 chameleon393
Execute 2024-01-07 12:26:55.662934771 +0000 UTC m=+0.009696349 chameleon392
Execute 2024-01-07 12:26:55.663051898 +0000 UTC m=+0.009813474 chameleon396
Execute 2024-01-07 12:26:55.66307124 +0000 UTC m=+0.009832818 chameleon394
Execute 2024-01-07 12:26:55.663143628 +0000 UTC m=+0.009905203 chameleon340
Execute 2024-01-07 12:26:55.663204705 +0000 UTC m=+0.009966280 chameleon397
Execute 2024-01-07 12:26:55.663283288 +0000 UTC m=+0.010044863 chameleon314
Execute 2024-01-07 12:26:55.663329836 +0000 UTC m=+0.010091412 chameleon318
Execute 2024-01-07 12:26:55.663341883 +0000 UTC m=+0.010103458 chameleon316
Execute 2024-01-07 12:26:55.663383221 +0000 UTC m=+0.010144797 chameleon323
Execute 2024-01-07 12:26:55.663447361 +0000 UTC m=+0.010208938 chameleon319
Execute 2024-01-07 12:26:55.66328755 +0000 UTC m=+0.010049126 chameleon311
Execute 2024-01-07 12:26:55.663579361 +0000 UTC m=+0.010340936 chameleon324
Execute 2024-01-07 12:26:55.663567449 +0000 UTC m=+0.010329025 chameleon325
Execute 2024-01-07 12:26:55.663610435 +0000 UTC m=+0.010372013 chameleon329
Execute 2024-01-07 12:26:55.663705209 +0000 UTC m=+0.010466797 chameleon327
Execute 2024-01-07 12:26:55.663800356 +0000 UTC m=+0.010561932 chameleon351
Execute 2024-01-07 12:26:55.663861946 +0000 UTC m=+0.010623521 chameleon344
Execute 2024-01-07 12:26:55.663832918 +0000 UTC m=+0.010594495 chameleon337
Execute 2024-01-07 12:26:55.663918892 +0000 UTC m=+0.010680467 chameleon341
Execute 2024-01-07 12:26:55.664026589 +0000 UTC m=+0.010788164 chameleon354
Execute 2024-01-07 12:26:55.663998257 +0000 UTC m=+0.010759831 chameleon346
Execute 2024-01-07 12:26:55.664076616 +0000 UTC m=+0.010838192 chameleon345
Execute 2024-01-07 12:26:55.664202284 +0000 UTC m=+0.010963860 chameleon353
Execute 2024-01-07 12:26:55.664158891 +0000 UTC m=+0.010920470 chameleon349
Execute 2024-01-07 12:26:55.66424212 +0000 UTC m=+0.011003695 chameleon352
Execute 2024-01-07 12:26:55.664392044 +0000 UTC m=+0.011153619 chameleon358
Execute 2024-01-07 12:26:55.664370257 +0000 UTC m=+0.011131835 chameleon357
Execute 2024-01-07 12:26:55.664433734 +0000 UTC m=+0.011195310 chameleon496
Execute 2024-01-07 12:26:55.664492174 +0000 UTC m=+0.011253749 chameleon359
Execute 2024-01-07 12:26:55.664525629 +0000 UTC m=+0.011287204 chameleon403
Execute 2024-01-07 12:26:55.664569812 +0000 UTC m=+0.011331388 chameleon402
Execute 2024-01-07 12:26:55.664654076 +0000 UTC m=+0.011415659 chameleon406
Execute 2024-01-07 12:26:55.664707307 +0000 UTC m=+0.011468885 chameleon405
Execute 2024-01-07 12:26:55.66479346 +0000 UTC m=+0.011555035 chameleon410
Execute 2024-01-07 12:26:55.66483453 +0000 UTC m=+0.011596106 chameleon409
Execute 2024-01-07 12:26:55.664922936 +0000 UTC m=+0.011684511 chameleon413
Execute 2024-01-07 12:26:55.664945529 +0000 UTC m=+0.011707108 chameleon411
Execute 2024-01-07 12:26:55.665025845 +0000 UTC m=+0.011787421 chameleon415
Execute 2024-01-07 12:26:55.665067535 +0000 UTC m=+0.011829145 chameleon414
Execute 2024-01-07 12:26:55.665115204 +0000 UTC m=+0.011876779 chameleon418
Execute 2024-01-07 12:26:55.665161056 +0000 UTC m=+0.011922634 chameleon417
Execute 2024-01-07 12:26:55.665263392 +0000 UTC m=+0.012024968 chameleon420
Execute 2024-01-07 12:26:55.665301804 +0000 UTC m=+0.012063380 chameleon419
Execute 2024-01-07 12:26:55.665389634 +0000 UTC m=+0.012151210 chameleon422
Execute 2024-01-07 12:26:55.665412575 +0000 UTC m=+0.012174149 chameleon423
Execute 2024-01-07 12:26:55.665510804 +0000 UTC m=+0.012272379 chameleon427
Execute 2024-01-07 12:26:55.66557734 +0000 UTC m=+0.012338918 chameleon425
Execute 2024-01-07 12:26:55.665724569 +0000 UTC m=+0.012486145 chameleon431
Execute 2024-01-07 12:26:55.665693181 +0000 UTC m=+0.012454762 chameleon428
Execute 2024-01-07 12:26:55.66571765 +0000 UTC m=+0.012479234 chameleon429
Execute 2024-01-07 12:26:55.665789818 +0000 UTC m=+0.012551393 chameleon430
Execute 2024-01-07 12:26:55.665864003 +0000 UTC m=+0.012625579 chameleon437
Execute 2024-01-07 12:26:55.665959361 +0000 UTC m=+0.012720936 chameleon440
Execute 2024-01-07 12:26:55.665924995 +0000 UTC m=+0.012686570 chameleon434
Execute 2024-01-07 12:26:55.666008572 +0000 UTC m=+0.012770147 chameleon438
Execute 2024-01-07 12:26:55.666144938 +0000 UTC m=+0.012906513 chameleon443
Execute 2024-01-07 12:26:55.666127195 +0000 UTC m=+0.012888771 chameleon445
Execute 2024-01-07 12:26:55.666178651 +0000 UTC m=+0.012940227 chameleon447
Execute 2024-01-07 12:26:55.666230581 +0000 UTC m=+0.012992159 chameleon446
Execute 2024-01-07 12:26:55.666341867 +0000 UTC m=+0.013103443 chameleon453
Execute 2024-01-07 12:26:55.666375772 +0000 UTC m=+0.013137348 chameleon450
Execute 2024-01-07 12:26:55.666454189 +0000 UTC m=+0.013215765 chameleon452
Execute 2024-01-07 12:26:55.666516253 +0000 UTC m=+0.013277829 chameleon458
Execute 2024-01-07 12:26:55.666576087 +0000 UTC m=+0.013337664 chameleon454
Execute 2024-01-07 12:26:55.66665673 +0000 UTC m=+0.013418305 chameleon461
Execute 2024-01-07 12:26:55.666743151 +0000 UTC m=+0.013504729 chameleon459
Execute 2024-01-07 12:26:55.666838805 +0000 UTC m=+0.013600380 chameleon466
Execute 2024-01-07 12:26:55.666883701 +0000 UTC m=+0.013645276 chameleon465
Execute 2024-01-07 12:26:55.666967627 +0000 UTC m=+0.013729202 chameleon471
Execute 2024-01-07 12:26:55.667028509 +0000 UTC m=+0.013790090 chameleon469
Execute 2024-01-07 12:26:55.667150033 +0000 UTC m=+0.013911609 chameleon474
Execute 2024-01-07 12:26:55.667190404 +0000 UTC m=+0.013951980 chameleon476
Execute 2024-01-07 12:26:55.667150565 +0000 UTC m=+0.013912149 chameleon472
Execute 2024-01-07 12:26:55.667254971 +0000 UTC m=+0.014016547 chameleon475
Execute 2024-01-07 12:26:55.667349981 +0000 UTC m=+0.014111558 chameleon479
Execute 2024-01-07 12:26:55.667317536 +0000 UTC m=+0.014079112 chameleon480
Execute 2024-01-07 12:26:55.667445496 +0000 UTC m=+0.014207071 chameleon484
Execute 2024-01-07 12:26:55.667497837 +0000 UTC m=+0.014259415 chameleon488
Execute 2024-01-07 12:26:55.667505636 +0000 UTC m=+0.014267218 chameleon483
Execute 2024-01-07 12:26:55.66758433 +0000 UTC m=+0.014345905 chameleon486
Execute 2024-01-07 12:26:55.66768709 +0000 UTC m=+0.014448665 chameleon495
Execute 2024-01-07 12:26:55.66766408 +0000 UTC m=+0.014425655 chameleon492
Execute 2024-01-07 12:26:55.667727352 +0000 UTC m=+0.014488927 chameleon489
Execute 2024-01-07 12:26:55.667882284 +0000 UTC m=+0.014643859 chameleon588
Execute 2024-01-07 12:26:55.667800755 +0000 UTC m=+0.014562331 chameleon493
Execute 2024-01-07 12:26:55.667888968 +0000 UTC m=+0.014650543 chameleon503
Execute 2024-01-07 12:26:55.667997406 +0000 UTC m=+0.014758982 chameleon506
Execute 2024-01-07 12:26:55.667942819 +0000 UTC m=+0.014704395 chameleon498
Execute 2024-01-07 12:26:55.668040988 +0000 UTC m=+0.014802565 chameleon309
Execute 2024-01-07 12:26:55.668113052 +0000 UTC m=+0.014874628 chameleon504
Execute 2024-01-07 12:26:55.66819612 +0000 UTC m=+0.014957695 chameleon514
Execute 2024-01-07 12:26:55.668208984 +0000 UTC m=+0.014970560 chameleon510
Execute 2024-01-07 12:26:55.668284713 +0000 UTC m=+0.015046289 chameleon518
Execute 2024-01-07 12:26:55.668338738 +0000 UTC m=+0.015100313 chameleon515
Execute 2024-01-07 12:26:55.668513435 +0000 UTC m=+0.015275011 chameleon522
Execute 2024-01-07 12:26:55.668514212 +0000 UTC m=+0.015275787 chameleon520
Execute 2024-01-07 12:26:55.668600766 +0000 UTC m=+0.015362341 chameleon526
Execute 2024-01-07 12:26:55.668671808 +0000 UTC m=+0.015433385 chameleon524
Execute 2024-01-07 12:26:55.668715715 +0000 UTC m=+0.015477290 chameleon528
Execute 2024-01-07 12:26:55.668765057 +0000 UTC m=+0.015526633 chameleon531
Execute 2024-01-07 12:26:55.668852338 +0000 UTC m=+0.015613913 chameleon529
Execute 2024-01-07 12:26:55.668968387 +0000 UTC m=+0.015729962 chameleon533
Execute 2024-01-07 12:26:55.66899701 +0000 UTC m=+0.015758586 chameleon532
Execute 2024-01-07 12:26:55.669042302 +0000 UTC m=+0.015803878 chameleon537
Execute 2024-01-07 12:26:55.668750994 +0000 UTC m=+0.015512569 chameleon527
Execute 2024-01-07 12:26:55.669207714 +0000 UTC m=+0.015969293 chameleon536
Execute 2024-01-07 12:26:55.669260689 +0000 UTC m=+0.016022264 chameleon543
Execute 2024-01-07 12:26:55.66928937 +0000 UTC m=+0.016050947 chameleon540
Execute 2024-01-07 12:26:55.669325375 +0000 UTC m=+0.016086951 chameleon545
Execute 2024-01-07 12:26:55.669381812 +0000 UTC m=+0.016143388 chameleon544
Execute 2024-01-07 12:26:55.669399761 +0000 UTC m=+0.016161337 chameleon551
Execute 2024-01-07 12:26:55.669455538 +0000 UTC m=+0.016217116 chameleon549
Execute 2024-01-07 12:26:55.669570288 +0000 UTC m=+0.016331866 chameleon560
Execute 2024-01-07 12:26:55.669601017 +0000 UTC m=+0.016362594 chameleon557
Execute 2024-01-07 12:26:55.6696376 +0000 UTC m=+0.016399176 chameleon563
Execute 2024-01-07 12:26:55.669737045 +0000 UTC m=+0.016498620 chameleon561
Execute 2024-01-07 12:26:55.669803665 +0000 UTC m=+0.016565240 chameleon568
Execute 2024-01-07 12:26:55.669845731 +0000 UTC m=+0.016607309 chameleon566
Execute 2024-01-07 12:26:55.669873223 +0000 UTC m=+0.016634799 chameleon570
Execute 2024-01-07 12:26:55.669903609 +0000 UTC m=+0.016665185 chameleon569
Execute 2024-01-07 12:26:55.669958674 +0000 UTC m=+0.016720249 chameleon576
Execute 2024-01-07 12:26:55.670002972 +0000 UTC m=+0.016764548 chameleon573
Execute 2024-01-07 12:26:55.67006238 +0000 UTC m=+0.016823955 chameleon578
Execute 2024-01-07 12:26:55.670070302 +0000 UTC m=+0.016831878 chameleon577
Execute 2024-01-07 12:26:55.670094322 +0000 UTC m=+0.016855898 chameleon584
Execute 2024-01-07 12:26:55.670159104 +0000 UTC m=+0.016920679 chameleon583
Execute 2024-01-07 12:26:55.670210851 +0000 UTC m=+0.016972427 chameleon586
Execute 2024-01-07 12:26:55.670238049 +0000 UTC m=+0.016999625 chameleon585
Execute 2024-01-07 12:26:55.670371681 +0000 UTC m=+0.017133257 chameleon646
Execute 2024-01-07 12:26:55.670389135 +0000 UTC m=+0.017150711 chameleon589
Execute 2024-01-07 12:26:55.670417434 +0000 UTC m=+0.017179010 chameleon622
Execute 2024-01-07 12:26:55.670466819 +0000 UTC m=+0.017228394 chameleon594
Execute 2024-01-07 12:26:55.670371947 +0000 UTC m=+0.017133523 chameleon587
Execute 2024-01-07 12:26:55.67051772 +0000 UTC m=+0.017279297 chameleon592
Execute 2024-01-07 12:26:55.67053622 +0000 UTC m=+0.017297796 chameleon596
Execute 2024-01-07 12:26:55.670657537 +0000 UTC m=+0.017419114 chameleon595
Execute 2024-01-07 12:26:55.670725858 +0000 UTC m=+0.017487433 chameleon600
Execute 2024-01-07 12:26:55.670749732 +0000 UTC m=+0.017511308 chameleon626
Execute 2024-01-07 12:26:55.670747587 +0000 UTC m=+0.017509163 chameleon599
Execute 2024-01-07 12:26:55.670782121 +0000 UTC m=+0.017543697 chameleon625
Execute 2024-01-07 12:26:55.670844726 +0000 UTC m=+0.017606302 chameleon602
Execute 2024-01-07 12:26:55.670869284 +0000 UTC m=+0.017630860 chameleon608
Execute 2024-01-07 12:26:55.67094224 +0000 UTC m=+0.017703817 chameleon604
Execute 2024-01-07 12:26:55.671002464 +0000 UTC m=+0.017764041 chameleon611
Execute 2024-01-07 12:26:55.670854237 +0000 UTC m=+0.017615813 chameleon601
Execute 2024-01-07 12:26:55.671037533 +0000 UTC m=+0.017799108 chameleon610
Execute 2024-01-07 12:26:55.671072582 +0000 UTC m=+0.017834157 chameleon636
Execute 2024-01-07 12:26:55.671124475 +0000 UTC m=+0.017886052 chameleon613
Execute 2024-01-07 12:26:55.671147378 +0000 UTC m=+0.017908954 chameleon630
Execute 2024-01-07 12:26:55.671245984 +0000 UTC m=+0.018007559 chameleon629
Execute 2024-01-07 12:26:55.671310758 +0000 UTC m=+0.018072334 chameleon632
Execute 2024-01-07 12:26:55.671363165 +0000 UTC m=+0.018124741 chameleon631
Execute 2024-01-07 12:26:55.671372414 +0000 UTC m=+0.018133990 chameleon628
Execute 2024-01-07 12:26:55.671419537 +0000 UTC m=+0.018181113 chameleon635
Execute 2024-01-07 12:26:55.671478931 +0000 UTC m=+0.018240506 chameleon639
Execute 2024-01-07 12:26:55.671517591 +0000 UTC m=+0.018279167 chameleon638
Execute 2024-01-07 12:26:55.671581772 +0000 UTC m=+0.018343347 chameleon643
Execute 2024-01-07 12:26:55.671590732 +0000 UTC m=+0.018352309 chameleon642
Execute 2024-01-07 12:26:55.671659295 +0000 UTC m=+0.018420870 chameleon843
Execute 2024-01-07 12:26:55.671762224 +0000 UTC m=+0.018523800 chameleon645
Execute 2024-01-07 12:26:55.671807392 +0000 UTC m=+0.018568967 chameleon773
Execute 2024-01-07 12:26:55.671827934 +0000 UTC m=+0.018589509 chameleon772
Execute 2024-01-07 12:26:55.671958201 +0000 UTC m=+0.018719777 chameleon777
Execute 2024-01-07 12:26:55.672027127 +0000 UTC m=+0.018788702 chameleon774
Execute 2024-01-07 12:26:55.672050734 +0000 UTC m=+0.018812309 chameleon783
Execute 2024-01-07 12:26:55.672093958 +0000 UTC m=+0.018855533 chameleon782
Execute 2024-01-07 12:26:55.672155804 +0000 UTC m=+0.018917380 chameleon785
Execute 2024-01-07 12:26:55.67220261 +0000 UTC m=+0.018964186 chameleon784
Execute 2024-01-07 12:26:55.672237983 +0000 UTC m=+0.018999558 chameleon789
Execute 2024-01-07 12:26:55.672260685 +0000 UTC m=+0.019022261 chameleon786
Execute 2024-01-07 12:26:55.672313698 +0000 UTC m=+0.019075274 chameleon792
Execute 2024-01-07 12:26:55.672352257 +0000 UTC m=+0.019113833 chameleon790
Execute 2024-01-07 12:26:55.672409687 +0000 UTC m=+0.019171263 chameleon797
Execute 2024-01-07 12:26:55.672418603 +0000 UTC m=+0.019180178 chameleon795
Execute 2024-01-07 12:26:55.672491616 +0000 UTC m=+0.019253193 chameleon803
Execute 2024-01-07 12:26:55.672523568 +0000 UTC m=+0.019285144 chameleon799
Execute 2024-01-07 12:26:55.672583036 +0000 UTC m=+0.019344612 chameleon806
Execute 2024-01-07 12:26:55.672600082 +0000 UTC m=+0.019361659 chameleon804
Execute 2024-01-07 12:26:55.672663786 +0000 UTC m=+0.019425361 chameleon813
Execute 2024-01-07 12:26:55.672699934 +0000 UTC m=+0.019461512 chameleon809
Execute 2024-01-07 12:26:55.672770965 +0000 UTC m=+0.019532541 chameleon816
Execute 2024-01-07 12:26:55.672808114 +0000 UTC m=+0.019569690 chameleon814
Execute 2024-01-07 12:26:55.672889756 +0000 UTC m=+0.019651332 chameleon820
Execute 2024-01-07 12:26:55.67288839 +0000 UTC m=+0.019649966 chameleon817
Execute 2024-01-07 12:26:55.672932714 +0000 UTC m=+0.019694290 chameleon823
Execute 2024-01-07 12:26:55.672968158 +0000 UTC m=+0.019729733 chameleon822
Execute 2024-01-07 12:26:55.673020919 +0000 UTC m=+0.019782494 chameleon827
Execute 2024-01-07 12:26:55.673029552 +0000 UTC m=+0.019791129 chameleon824
Execute 2024-01-07 12:26:55.673108473 +0000 UTC m=+0.019870048 chameleon829
Execute 2024-01-07 12:26:55.673210686 +0000 UTC m=+0.019972266 chameleon828
Execute 2024-01-07 12:26:55.673250199 +0000 UTC m=+0.020011775 chameleon831
Execute 2024-01-07 12:26:55.673310145 +0000 UTC m=+0.020071722 chameleon830
Execute 2024-01-07 12:26:55.673360296 +0000 UTC m=+0.020121872 chameleon836
Execute 2024-01-07 12:26:55.67336552 +0000 UTC m=+0.020127097 chameleon833
Execute 2024-01-07 12:26:55.673408812 +0000 UTC m=+0.020170387 chameleon837
Execute 2024-01-07 12:26:55.673502641 +0000 UTC m=+0.020264217 chameleon877
Execute 2024-01-07 12:26:55.673543768 +0000 UTC m=+0.020305347 chameleon842
Execute 2024-01-07 12:26:55.673567401 +0000 UTC m=+0.020328976 chameleon846
Execute 2024-01-07 12:26:55.673590576 +0000 UTC m=+0.020352152 chameleon844
Execute 2024-01-07 12:26:55.673398323 +0000 UTC m=+0.020159899 chameleon840
Execute 2024-01-07 12:26:55.673688556 +0000 UTC m=+0.020450132 chameleon850
Execute 2024-01-07 12:26:55.67372807 +0000 UTC m=+0.020489648 chameleon848
Execute 2024-01-07 12:26:55.673774526 +0000 UTC m=+0.020536101 chameleon852
Execute 2024-01-07 12:26:55.673825239 +0000 UTC m=+0.020586816 chameleon851
Execute 2024-01-07 12:26:55.67384213 +0000 UTC m=+0.020603705 chameleon854
Execute 2024-01-07 12:26:55.673906872 +0000 UTC m=+0.020668449 chameleon853
Execute 2024-01-07 12:26:55.674010328 +0000 UTC m=+0.020771903 chameleon856
Execute 2024-01-07 12:26:55.67405101 +0000 UTC m=+0.020812586 chameleon855
Execute 2024-01-07 12:26:55.674113162 +0000 UTC m=+0.020874738 chameleon858
Execute 2024-01-07 12:26:55.674157295 +0000 UTC m=+0.020918870 chameleon857
Execute 2024-01-07 12:26:55.674208259 +0000 UTC m=+0.020969835 chameleon863
Execute 2024-01-07 12:26:55.674249533 +0000 UTC m=+0.021011109 chameleon859
Execute 2024-01-07 12:26:55.674302698 +0000 UTC m=+0.021064273 chameleon866
Execute 2024-01-07 12:26:55.6743442 +0000 UTC m=+0.021105776 chameleon864
Execute 2024-01-07 12:26:55.674352463 +0000 UTC m=+0.021114038 chameleon868
Execute 2024-01-07 12:26:55.674358335 +0000 UTC m=+0.021119911 chameleon867
Execute 2024-01-07 12:26:55.67445576 +0000 UTC m=+0.021217336 chameleon892
Execute 2024-01-07 12:26:55.674481799 +0000 UTC m=+0.021243374 chameleon876
Execute 2024-01-07 12:26:55.674518665 +0000 UTC m=+0.021280241 chameleon880
Execute 2024-01-07 12:26:55.674644105 +0000 UTC m=+0.021405681 chameleon878
Execute 2024-01-07 12:26:55.674697681 +0000 UTC m=+0.021459257 chameleon883
Execute 2024-01-07 12:26:55.674736237 +0000 UTC m=+0.021497812 chameleon888
Execute 2024-01-07 12:26:55.6747389 +0000 UTC m=+0.021500476 chameleon881
Execute 2024-01-07 12:26:55.674767978 +0000 UTC m=+0.021529554 chameleon887
Execute 2024-01-07 12:26:55.674813136 +0000 UTC m=+0.021574712 chameleon890
Execute 2024-01-07 12:26:55.674853725 +0000 UTC m=+0.021615301 chameleon889
Execute 2024-01-07 12:26:55.674898667 +0000 UTC m=+0.021660242 chameleon932
Execute 2024-01-07 12:26:55.6749578 +0000 UTC m=+0.021719378 chameleon891
Execute 2024-01-07 12:26:55.674978927 +0000 UTC m=+0.021740503 chameleon896
Execute 2024-01-07 12:26:55.674996231 +0000 UTC m=+0.021757806 chameleon899
Execute 2024-01-07 12:26:55.675104272 +0000 UTC m=+0.021865847 chameleon897
Execute 2024-01-07 12:26:55.675167127 +0000 UTC m=+0.021928704 chameleon901
Execute 2024-01-07 12:26:55.675186276 +0000 UTC m=+0.021947854 chameleon900
Execute 2024-01-07 12:26:55.675197367 +0000 UTC m=+0.021958943 chameleon906
Execute 2024-01-07 12:26:55.674982512 +0000 UTC m=+0.021744087 chameleon895
Execute 2024-01-07 12:26:55.675291752 +0000 UTC m=+0.022053327 chameleon902
Execute 2024-01-07 12:26:55.675316405 +0000 UTC m=+0.022077980 chameleon909
Execute 2024-01-07 12:26:55.675413564 +0000 UTC m=+0.022175140 chameleon908
Execute 2024-01-07 12:26:55.675498689 +0000 UTC m=+0.022260264 chameleon911
Execute 2024-01-07 12:26:55.675523874 +0000 UTC m=+0.022285449 chameleon910
Execute 2024-01-07 12:26:55.675552837 +0000 UTC m=+0.022314413 chameleon912
Execute 2024-01-07 12:26:55.675551574 +0000 UTC m=+0.022313149 chameleon917
Execute 2024-01-07 12:26:55.675615257 +0000 UTC m=+0.022376832 chameleon921
Execute 2024-01-07 12:26:55.675649892 +0000 UTC m=+0.022411470 chameleon918
Execute 2024-01-07 12:26:55.675699477 +0000 UTC m=+0.022461053 chameleon925
Execute 2024-01-07 12:26:55.675757373 +0000 UTC m=+0.022518948 chameleon923
Execute 2024-01-07 12:26:55.675809277 +0000 UTC m=+0.022570853 chameleon927
Execute 2024-01-07 12:26:55.675858839 +0000 UTC m=+0.022620417 chameleon926
Execute 2024-01-07 12:26:55.675926744 +0000 UTC m=+0.022688319 chameleon933
Execute 2024-01-07 12:26:55.675975784 +0000 UTC m=+0.022737360 chameleon949
Execute 2024-01-07 12:26:55.676027346 +0000 UTC m=+0.022788920 chameleon935
Execute 2024-01-07 12:26:55.676078387 +0000 UTC m=+0.022839962 chameleon934
Execute 2024-01-07 12:26:55.676125109 +0000 UTC m=+0.022886684 chameleon940
Execute 2024-01-07 12:26:55.676156885 +0000 UTC m=+0.022918461 chameleon936
Execute 2024-01-07 12:26:55.676193223 +0000 UTC m=+0.022954798 chameleon944
Execute 2024-01-07 12:26:55.676231101 +0000 UTC m=+0.022992676 chameleon942
Execute 2024-01-07 12:26:55.676256415 +0000 UTC m=+0.023017990 chameleon946
Execute 2024-01-07 12:26:55.676361946 +0000 UTC m=+0.023123522 chameleon945
Execute 2024-01-07 12:26:55.676423454 +0000 UTC m=+0.023185030 chameleon647
Execute 2024-01-07 12:26:55.67644422 +0000 UTC m=+0.023205795 chameleon711
Execute 2024-01-07 12:26:55.676475328 +0000 UTC m=+0.023236904 chameleon654
Execute 2024-01-07 12:26:55.676483857 +0000 UTC m=+0.023245434 chameleon653
Execute 2024-01-07 12:26:55.676579656 +0000 UTC m=+0.023341231 chameleon656
Execute 2024-01-07 12:26:55.676615169 +0000 UTC m=+0.023376743 chameleon655
Execute 2024-01-07 12:26:55.676635225 +0000 UTC m=+0.023396800 chameleon657
Execute 2024-01-07 12:26:55.676644605 +0000 UTC m=+0.023406180 chameleon663
Execute 2024-01-07 12:26:55.676653852 +0000 UTC m=+0.023415429 chameleon662
Execute 2024-01-07 12:26:55.676801097 +0000 UTC m=+0.023562672 chameleon666
Execute 2024-01-07 12:26:55.676842766 +0000 UTC m=+0.023604344 chameleon664
Execute 2024-01-07 12:26:55.676622229 +0000 UTC m=+0.023383804 chameleon658
Execute 2024-01-07 12:26:55.67692508 +0000 UTC m=+0.023686655 chameleon669
Execute 2024-01-07 12:26:55.676932143 +0000 UTC m=+0.023693718 chameleon668
Execute 2024-01-07 12:26:55.677031137 +0000 UTC m=+0.023792712 chameleon675
Execute 2024-01-07 12:26:55.677060268 +0000 UTC m=+0.023821844 chameleon673
Execute 2024-01-07 12:26:55.677083403 +0000 UTC m=+0.023844979 chameleon679
Execute 2024-01-07 12:26:55.677101438 +0000 UTC m=+0.023863013 chameleon676
Execute 2024-01-07 12:26:55.67715929 +0000 UTC m=+0.023920865 chameleon681
Execute 2024-01-07 12:26:55.677194359 +0000 UTC m=+0.023955935 chameleon680
Execute 2024-01-07 12:26:55.677273185 +0000 UTC m=+0.024034761 chameleon682
Execute 2024-01-07 12:26:55.677286 +0000 UTC m=+0.024047576 chameleon688
Execute 2024-01-07 12:26:55.677331934 +0000 UTC m=+0.024093511 chameleon687
Execute 2024-01-07 12:26:55.677401476 +0000 UTC m=+0.024163051 chameleon690
Execute 2024-01-07 12:26:55.677433447 +0000 UTC m=+0.024195022 chameleon689
Execute 2024-01-07 12:26:55.677502702 +0000 UTC m=+0.024264279 chameleon693
Execute 2024-01-07 12:26:55.677517561 +0000 UTC m=+0.024279136 chameleon692
Execute 2024-01-07 12:26:55.677264727 +0000 UTC m=+0.024026301 chameleon683
Execute 2024-01-07 12:26:55.677561174 +0000 UTC m=+0.024322749 chameleon697
Execute 2024-01-07 12:26:55.677598857 +0000 UTC m=+0.024360434 chameleon695
Execute 2024-01-07 12:26:55.677659081 +0000 UTC m=+0.024420656 chameleon710
Execute 2024-01-07 12:26:55.677667895 +0000 UTC m=+0.024429470 chameleon698
Execute 2024-01-07 12:26:55.677709185 +0000 UTC m=+0.024470761 chameleon712
Execute 2024-01-07 12:26:55.677725544 +0000 UTC m=+0.024487122 chameleon739
Execute 2024-01-07 12:26:55.6777428 +0000 UTC m=+0.024504375 chameleon714
Execute 2024-01-07 12:26:55.677824158 +0000 UTC m=+0.024585736 chameleon713
Execute 2024-01-07 12:26:55.677875082 +0000 UTC m=+0.024636659 chameleon722
Execute 2024-01-07 12:26:55.677920987 +0000 UTC m=+0.024682563 chameleon724
Execute 2024-01-07 12:26:55.677908828 +0000 UTC m=+0.024670403 chameleon718
Execute 2024-01-07 12:26:55.67796509 +0000 UTC m=+0.024726664 chameleon723
Execute 2024-01-07 12:26:55.678022342 +0000 UTC m=+0.024783918 chameleon727
Execute 2024-01-07 12:26:55.678058924 +0000 UTC m=+0.024820500 chameleon726
Execute 2024-01-07 12:26:55.678088136 +0000 UTC m=+0.024849711 chameleon729
Execute 2024-01-07 12:26:55.678084285 +0000 UTC m=+0.024845862 chameleon728
Execute 2024-01-07 12:26:55.678213261 +0000 UTC m=+0.024974836 chameleon734
Execute 2024-01-07 12:26:55.67826495 +0000 UTC m=+0.025026526 chameleon733
Execute 2024-01-07 12:26:55.678324197 +0000 UTC m=+0.025085772 chameleon736
Execute 2024-01-07 12:26:55.678374924 +0000 UTC m=+0.025136500 chameleon735
Execute 2024-01-07 12:26:55.678386195 +0000 UTC m=+0.025147771 chameleon980
Execute 2024-01-07 12:26:55.678438682 +0000 UTC m=+0.025200257 chameleon953
Execute 2024-01-07 12:26:55.678467115 +0000 UTC m=+0.025228691 chameleon952
Execute 2024-01-07 12:26:55.678525012 +0000 UTC m=+0.025286587 chameleon959
Execute 2024-01-07 12:26:55.678533458 +0000 UTC m=+0.025295036 chameleon958
Execute 2024-01-07 12:26:55.678576953 +0000 UTC m=+0.025338529 chameleon964
Execute 2024-01-07 12:26:55.678604626 +0000 UTC m=+0.025366202 chameleon960
Execute 2024-01-07 12:26:55.678376073 +0000 UTC m=+0.025137648 chameleon950
Execute 2024-01-07 12:26:55.678660108 +0000 UTC m=+0.025421682 chameleon966
Execute 2024-01-07 12:26:55.678795214 +0000 UTC m=+0.025556789 chameleon965
Execute 2024-01-07 12:26:55.678847333 +0000 UTC m=+0.025608908 chameleon969
Execute 2024-01-07 12:26:55.678878378 +0000 UTC m=+0.025639957 chameleon968
Execute 2024-01-07 12:26:55.678908743 +0000 UTC m=+0.025670319 chameleon972
Execute 2024-01-07 12:26:55.678948823 +0000 UTC m=+0.025710399 chameleon971
Execute 2024-01-07 12:26:55.678971603 +0000 UTC m=+0.025733178 chameleon771
Execute 2024-01-07 12:26:55.67904629 +0000 UTC m=+0.025807867 chameleon976
Execute 2024-01-07 12:26:55.679089506 +0000 UTC m=+0.025851081 chameleon759
Execute 2024-01-07 12:26:55.67911408 +0000 UTC m=+0.025875658 chameleon758
Execute 2024-01-07 12:26:55.679266487 +0000 UTC m=+0.026028063 chameleon760
Execute 2024-01-07 12:26:55.679263654 +0000 UTC m=+0.026025229 chameleon761
Execute 2024-01-07 12:26:55.679308027 +0000 UTC m=+0.026069603 chameleon763
Execute 2024-01-07 12:26:55.679369625 +0000 UTC m=+0.026131200 chameleon768
Execute 2024-01-07 12:26:55.679278222 +0000 UTC m=+0.026039798 chameleon765
Execute 2024-01-07 12:26:55.679557866 +0000 UTC m=+0.026319442 chameleon767
Execute 2024-01-07 12:26:55.679558127 +0000 UTC m=+0.026319703 chameleon750
Execute 2024-01-07 12:26:55.679612485 +0000 UTC m=+0.026374060 chameleon977
Execute 2024-01-07 12:26:55.679684677 +0000 UTC m=+0.026446252 chameleon745
Execute 2024-01-07 12:26:55.679698922 +0000 UTC m=+0.026460499 chameleon741
Execute 2024-01-07 12:26:55.67979331 +0000 UTC m=+0.026554887 chameleon752
Execute 2024-01-07 12:26:55.679811531 +0000 UTC m=+0.026573106 chameleon757
Execute 2024-01-07 12:26:55.679874178 +0000 UTC m=+0.026635753 chameleon755
Execute 2024-01-07 12:26:55.679919765 +0000 UTC m=+0.026681340 chameleon753
Execute 2024-01-07 12:26:55.679951309 +0000 UTC m=+0.026712884 chameleon981
Execute 2024-01-07 12:26:55.680085526 +0000 UTC m=+0.026847102 chameleon1012
Execute 2024-01-07 12:26:55.680138772 +0000 UTC m=+0.026900347 chameleon986
Execute 2024-01-07 12:26:55.680155435 +0000 UTC m=+0.026917011 chameleon982
Execute 2024-01-07 12:26:55.680176725 +0000 UTC m=+0.026938301 chameleon987
Execute 2024-01-07 12:26:55.680207405 +0000 UTC m=+0.026968980 chameleon992
Execute 2024-01-07 12:26:55.680225563 +0000 UTC m=+0.026987138 chameleon990
Execute 2024-01-07 12:26:55.68016606 +0000 UTC m=+0.026927636 chameleon988
Execute 2024-01-07 12:26:55.680371078 +0000 UTC m=+0.027132653 chameleon994
Execute 2024-01-07 12:26:55.680401449 +0000 UTC m=+0.027163025 chameleon996
Execute 2024-01-07 12:26:55.680436278 +0000 UTC m=+0.027197855 chameleon995
Execute 2024-01-07 12:26:55.68048204 +0000 UTC m=+0.027243615 chameleon1000
Execute 2024-01-07 12:26:55.680532405 +0000 UTC m=+0.027293981 chameleon999
Execute 2024-01-07 12:26:55.680550941 +0000 UTC m=+0.027312517 chameleon1003
Execute 2024-01-07 12:26:55.680566669 +0000 UTC m=+0.027328246 chameleon1001
