logs cpu 0
logs cpu 0
Execute 2024-01-07 11:31:52.655542225 +0000 UTC m=+0.001502800 chameleon1625
Execute 2024-01-07 11:31:52.655566652 +0000 UTC m=+0.001527309 chameleon202
Execute 2024-01-07 11:31:52.655861911 +0000 UTC m=+0.001822514 chameleon1539
Execute 2024-01-07 11:31:52.656038328 +0000 UTC m=+0.001998901 chameleon482
Execute 2024-01-07 11:31:52.656283857 +0000 UTC m=+0.002244427 chameleon1632
Execute 2024-01-07 11:31:52.656279906 +0000 UTC m=+0.002240508 chameleon1597
Execute 2024-01-07 11:31:52.656344658 +0000 UTC m=+0.002305264 chameleon58
Execute 2024-01-07 11:31:52.65638995 +0000 UTC m=+0.002350522 chameleon327
Execute 2024-01-07 11:31:52.656440285 +0000 UTC m=+0.002400849 chameleon269
Execute 2024-01-07 11:31:52.656476836 +0000 UTC m=+0.002437400 chameleon1515
Execute 2024-01-07 11:31:52.656497186 +0000 UTC m=+0.002457749 chameleon318
Execute 2024-01-07 11:31:52.656519389 +0000 UTC m=+0.002479952 chameleon1055
Execute 2024-01-07 11:31:52.656400403 +0000 UTC m=+0.002361006 chameleon143
Execute 2024-01-07 11:31:52.656605192 +0000 UTC m=+0.002565756 chameleon371
Execute 2024-01-07 11:31:52.656391339 +0000 UTC m=+0.002351902 chameleon556
Execute 2024-01-07 11:31:52.656645361 +0000 UTC m=+0.002605924 chameleon1022
Execute 2024-01-07 11:31:52.656684534 +0000 UTC m=+0.002645100 chameleon26
Execute 2024-01-07 11:31:52.656721169 +0000 UTC m=+0.002681732 chameleon1098
Execute 2024-01-07 11:31:52.656623223 +0000 UTC m=+0.002583900 chameleon1214
Execute 2024-01-07 11:31:52.656731741 +0000 UTC m=+0.002692317 chameleon240
Execute 2024-01-07 11:31:52.656829283 +0000 UTC m=+0.002789970 chameleon869
Execute 2024-01-07 11:31:52.656879458 +0000 UTC m=+0.002840021 chameleon326
Execute 2024-01-07 11:31:52.656921889 +0000 UTC m=+0.002882452 chameleon126
Execute 2024-01-07 11:31:52.656954969 +0000 UTC m=+0.002915577 chameleon1368
Execute 2024-01-07 11:31:52.657021018 +0000 UTC m=+0.002981582 chameleon702
logs q1 Time start 2024-01-07 11:31:52.656912149 +0000 UTC m=+0.002872776 chameleon1625
Execute 2024-01-07 11:31:52.657102568 +0000 UTC m=+0.003063132 chameleon1195
Execute 2024-01-07 11:31:52.656986092 +0000 UTC m=+0.002946656 chameleon1507
Execute 2024-01-07 11:31:52.657018944 +0000 UTC m=+0.002979547 chameleon816
Execute 2024-01-07 11:31:52.657134611 +0000 UTC m=+0.003095228 chameleon1481
Execute 2024-01-07 11:31:52.657109764 +0000 UTC m=+0.003070366 chameleon129
Execute 2024-01-07 11:31:52.657206901 +0000 UTC m=+0.003167464 chameleon1026
Execute 2024-01-07 11:31:52.657151182 +0000 UTC m=+0.003111746 chameleon1227
Execute 2024-01-07 11:31:52.657221431 +0000 UTC m=+0.003181996 chameleon1062
Execute 2024-01-07 11:31:52.657226954 +0000 UTC m=+0.003187519 chameleon441
Execute 2024-01-07 11:31:52.657227269 +0000 UTC m=+0.003187832 chameleon1577
Execute 2024-01-07 11:31:52.657201322 +0000 UTC m=+0.003161886 chameleon1380
Execute 2024-01-07 11:31:52.657262947 +0000 UTC m=+0.003223517 chameleon644
Execute 2024-01-07 11:31:52.657212356 +0000 UTC m=+0.003172920 chameleon1046
Execute 2024-01-07 11:31:52.657290709 +0000 UTC m=+0.003251272 chameleon1106
Execute 2024-01-07 11:31:52.656972065 +0000 UTC m=+0.002932667 chameleon419
Execute 2024-01-07 11:31:52.657359044 +0000 UTC m=+0.003319608 chameleon693
Execute 2024-01-07 11:31:52.657376775 +0000 UTC m=+0.003337348 chameleon432
Execute 2024-01-07 11:31:52.65737733 +0000 UTC m=+0.003337896 chameleon84
Execute 2024-01-07 11:31:52.657538127 +0000 UTC m=+0.003498690 chameleon221
Execute 2024-01-07 11:31:52.657547233 +0000 UTC m=+0.003507796 chameleon1293
Execute 2024-01-07 11:31:52.657533643 +0000 UTC m=+0.003494205 chameleon585
Execute 2024-01-07 11:31:52.657550245 +0000 UTC m=+0.003510808 chameleon164
Execute 2024-01-07 11:31:52.657587823 +0000 UTC m=+0.003548386 chameleon773
Execute 2024-01-07 11:31:52.657547247 +0000 UTC m=+0.003507811 chameleon822
Execute 2024-01-07 11:31:52.65760875 +0000 UTC m=+0.003569321 chameleon1388
Execute 2024-01-07 11:31:52.657550526 +0000 UTC m=+0.003511089 chameleon968
Execute 2024-01-07 11:31:52.657612718 +0000 UTC m=+0.003573281 chameleon355
Execute 2024-01-07 11:31:52.657626853 +0000 UTC m=+0.003587423 chameleon1459
Execute 2024-01-07 11:31:52.657640704 +0000 UTC m=+0.003601268 chameleon1555
Execute 2024-01-07 11:31:52.657621754 +0000 UTC m=+0.003582316 chameleon715
Execute 2024-01-07 11:31:52.657573504 +0000 UTC m=+0.003534107 chameleon598
Execute 2024-01-07 11:31:52.657703632 +0000 UTC m=+0.003664194 chameleon605
Execute 2024-01-07 11:31:52.657631036 +0000 UTC m=+0.003591599 chameleon912
Execute 2024-01-07 11:31:52.657647506 +0000 UTC m=+0.003608069 chameleon1002
Execute 2024-01-07 11:31:52.657682605 +0000 UTC m=+0.003643176 chameleon1329
Execute 2024-01-07 11:31:52.657661397 +0000 UTC m=+0.003621960 chameleon729
Execute 2024-01-07 11:31:52.65778754 +0000 UTC m=+0.003748103 chameleon1574
Execute 2024-01-07 11:31:52.657759642 +0000 UTC m=+0.003720245 chameleon542
Execute 2024-01-07 11:31:52.657687323 +0000 UTC m=+0.003647886 chameleon1120
Execute 2024-01-07 11:31:52.657820727 +0000 UTC m=+0.003781290 chameleon275
Execute 2024-01-07 11:31:52.657824189 +0000 UTC m=+0.003784747 chameleon614
Execute 2024-01-07 11:31:52.657847378 +0000 UTC m=+0.003807941 chameleon641
Execute 2024-01-07 11:31:52.657851804 +0000 UTC m=+0.003812368 chameleon781
Execute 2024-01-07 11:31:52.657867644 +0000 UTC m=+0.003828207 chameleon564
Execute 2024-01-07 11:31:52.657875007 +0000 UTC m=+0.003835571 chameleon392
Execute 2024-01-07 11:31:52.657697627 +0000 UTC m=+0.003658190 chameleon1696
Execute 2024-01-07 11:31:52.657687004 +0000 UTC m=+0.003647568 chameleon495
Execute 2024-01-07 11:31:52.657789056 +0000 UTC m=+0.003749620 chameleon1142
Execute 2024-01-07 11:31:52.657776978 +0000 UTC m=+0.003737541 chameleon776
Execute 2024-01-07 11:31:52.657901605 +0000 UTC m=+0.003862169 chameleon44
Execute 2024-01-07 11:31:52.657804365 +0000 UTC m=+0.003764931 chameleon1235
Execute 2024-01-07 11:31:52.657804413 +0000 UTC m=+0.003764976 chameleon1424
Execute 2024-01-07 11:31:52.657915441 +0000 UTC m=+0.003876004 chameleon500
Execute 2024-01-07 11:31:52.657833567 +0000 UTC m=+0.003794130 chameleon78
Execute 2024-01-07 11:31:52.657941636 +0000 UTC m=+0.003902195 chameleon1645
Execute 2024-01-07 11:31:52.657632563 +0000 UTC m=+0.003593149 chameleon507
Execute 2024-01-07 11:31:52.65795376 +0000 UTC m=+0.003914318 chameleon1353
Execute 2024-01-07 11:31:52.657934154 +0000 UTC m=+0.003894785 chameleon963
Execute 2024-01-07 11:31:52.657960783 +0000 UTC m=+0.003921346 chameleon630
Execute 2024-01-07 11:31:52.657682853 +0000 UTC m=+0.003643417 chameleon298
Execute 2024-01-07 11:31:52.657702926 +0000 UTC m=+0.003663489 chameleon1578
Execute 2024-01-07 11:31:52.657980504 +0000 UTC m=+0.003941066 chameleon703
Execute 2024-01-07 11:31:52.657947557 +0000 UTC m=+0.003908121 chameleon984
Execute 2024-01-07 11:31:52.657897864 +0000 UTC m=+0.003858427 chameleon1301
Execute 2024-01-07 11:31:52.657877571 +0000 UTC m=+0.003838133 chameleon440
Execute 2024-01-07 11:31:52.658016543 +0000 UTC m=+0.003977106 chameleon1318
Execute 2024-01-07 11:31:52.657984407 +0000 UTC m=+0.003944964 chameleon1395
Execute 2024-01-07 11:31:52.657820181 +0000 UTC m=+0.003780744 chameleon1328
Execute 2024-01-07 11:31:52.658555207 +0000 UTC m=+0.004515772 chameleon603
Execute 2024-01-07 11:31:52.657981004 +0000 UTC m=+0.003941567 chameleon117
Execute 2024-01-07 11:31:52.657950043 +0000 UTC m=+0.003910609 chameleon877
Execute 2024-01-07 11:31:52.658554961 +0000 UTC m=+0.004515535 chameleon924
Execute 2024-01-07 11:31:52.658680124 +0000 UTC m=+0.004640687 chameleon1442
Execute 2024-01-07 11:31:52.658689917 +0000 UTC m=+0.004650478 chameleon792
Execute 2024-01-07 11:31:52.658720367 +0000 UTC m=+0.004680931 chameleon913
Execute 2024-01-07 11:31:52.658744386 +0000 UTC m=+0.004704948 chameleon35
Execute 2024-01-07 11:31:52.658755123 +0000 UTC m=+0.004715688 chameleon200
Execute 2024-01-07 11:31:52.65875796 +0000 UTC m=+0.004718525 chameleon311
Execute 2024-01-07 11:31:52.658801968 +0000 UTC m=+0.004762532 chameleon1264
Execute 2024-01-07 11:31:52.657839389 +0000 UTC m=+0.003799953 chameleon313
Execute 2024-01-07 11:31:52.658670769 +0000 UTC m=+0.004631355 chameleon672
Execute 2024-01-07 11:31:52.657853882 +0000 UTC m=+0.003814446 chameleon531
Execute 2024-01-07 11:31:52.659410599 +0000 UTC m=+0.005371164 chameleon1044
Execute 2024-01-07 11:31:52.659411517 +0000 UTC m=+0.005372074 chameleon199
Execute 2024-01-07 11:31:52.659469831 +0000 UTC m=+0.005430419 chameleon1008
Execute 2024-01-07 11:31:52.659484073 +0000 UTC m=+0.005444665 chameleon1529
Execute 2024-01-07 11:31:52.65954679 +0000 UTC m=+0.005507353 chameleon1711
Execute 2024-01-07 11:31:52.659618403 +0000 UTC m=+0.005578993 chameleon1483
Execute 2024-01-07 11:31:52.658779017 +0000 UTC m=+0.004739580 chameleon907
Execute 2024-01-07 11:31:52.65967693 +0000 UTC m=+0.005637493 chameleon1540
Execute 2024-01-07 11:31:52.658655683 +0000 UTC m=+0.004616256 chameleon541
Execute 2024-01-07 11:31:52.658051343 +0000 UTC m=+0.004011906 chameleon1708
Execute 2024-01-07 11:31:52.657697167 +0000 UTC m=+0.003657731 chameleon1417
Execute 2024-01-07 11:31:52.658729278 +0000 UTC m=+0.004689840 chameleon634
Execute 2024-01-07 11:31:52.659074952 +0000 UTC m=+0.005035641 chameleon296
Execute 2024-01-07 11:31:52.659937382 +0000 UTC m=+0.005897985 chameleon88
Execute 2024-01-07 11:31:52.658666113 +0000 UTC m=+0.004626676 chameleon455
Execute 2024-01-07 11:31:52.658730636 +0000 UTC m=+0.004691199 chameleon517
Execute 2024-01-07 11:31:52.660153852 +0000 UTC m=+0.006114545 chameleon1054
Execute 2024-01-07 11:31:52.658680661 +0000 UTC m=+0.004641223 chameleon1345
Execute 2024-01-07 11:31:52.660512785 +0000 UTC m=+0.006473342 chameleon752
Execute 2024-01-07 11:31:52.658654189 +0000 UTC m=+0.004614753 chameleon1423
Execute 2024-01-07 11:31:52.659469973 +0000 UTC m=+0.005430562 chameleon635
Execute 2024-01-07 11:31:52.658764189 +0000 UTC m=+0.004724752 chameleon72
Execute 2024-01-07 11:31:52.661043551 +0000 UTC m=+0.007004178 chameleon1228
Execute 2024-01-07 11:31:52.659586755 +0000 UTC m=+0.005547319 chameleon1602
Execute 2024-01-07 11:31:52.659663234 +0000 UTC m=+0.005623798 chameleon1272
Execute 2024-01-07 11:31:52.660467362 +0000 UTC m=+0.006427919 chameleon170
Execute 2024-01-07 11:31:52.661562872 +0000 UTC m=+0.007523501 chameleon953
Execute 2024-01-07 11:31:52.658744177 +0000 UTC m=+0.004704741 chameleon684
Execute 2024-01-07 11:31:52.66182996 +0000 UTC m=+0.007790534 chameleon1130
Execute 2024-01-07 11:31:52.662004247 +0000 UTC m=+0.007964940 chameleon1081
Execute 2024-01-07 11:31:52.662238353 +0000 UTC m=+0.008199040 chameleon1402
Execute 2024-01-07 11:31:52.662217305 +0000 UTC m=+0.008177892 chameleon1341
Execute 2024-01-07 11:31:52.662523906 +0000 UTC m=+0.008484470 chameleon214
Execute 2024-01-07 11:31:52.663029653 +0000 UTC m=+0.008990217 chameleon1356
Execute 2024-01-07 11:31:52.663121211 +0000 UTC m=+0.009081833 chameleon1215
Execute 2024-01-07 11:31:52.663098978 +0000 UTC m=+0.009059670 chameleon487
Execute 2024-01-07 11:31:52.66344387 +0000 UTC m=+0.009404471 chameleon1146
Execute 2024-01-07 11:31:52.663600493 +0000 UTC m=+0.009561065 chameleon810
Execute 2024-01-07 11:31:52.663512436 +0000 UTC m=+0.009473133 chameleon691
Execute 2024-01-07 11:31:52.663784624 +0000 UTC m=+0.009745189 chameleon513
Execute 2024-01-07 11:31:52.663933479 +0000 UTC m=+0.009894043 chameleon982
Execute 2024-01-07 11:31:52.663882644 +0000 UTC m=+0.009843211 chameleon732
Execute 2024-01-07 11:31:52.664005678 +0000 UTC m=+0.009966241 chameleon597
Execute 2024-01-07 11:31:52.663583766 +0000 UTC m=+0.009544342 chameleon273
Execute 2024-01-07 11:31:52.664062986 +0000 UTC m=+0.010023551 chameleon53
Execute 2024-01-07 11:31:52.664265651 +0000 UTC m=+0.010226213 chameleon1488
Execute 2024-01-07 11:31:52.66431666 +0000 UTC m=+0.010277229 chameleon339
Execute 2024-01-07 11:31:52.664466839 +0000 UTC m=+0.010427397 chameleon110
Execute 2024-01-07 11:31:52.664319516 +0000 UTC m=+0.010280182 chameleon1433
Execute 2024-01-07 11:31:52.664596452 +0000 UTC m=+0.010557027 chameleon711
Execute 2024-01-07 11:31:52.66482919 +0000 UTC m=+0.010789747 chameleon552
Execute 2024-01-07 11:31:52.664663164 +0000 UTC m=+0.010623796 chameleon145
Execute 2024-01-07 11:31:52.665154244 +0000 UTC m=+0.011114801 chameleon324
Execute 2024-01-07 11:31:52.665060634 +0000 UTC m=+0.011021261 chameleon1581
Execute 2024-01-07 11:31:52.665204141 +0000 UTC m=+0.011164717 chameleon158
Execute 2024-01-07 11:31:52.665315479 +0000 UTC m=+0.011276051 chameleon251
Execute 2024-01-07 11:31:52.66535107 +0000 UTC m=+0.011311631 chameleon3
Execute 2024-01-07 11:31:52.665444339 +0000 UTC m=+0.011404903 chameleon897
Execute 2024-01-07 11:31:52.665061552 +0000 UTC m=+0.011022174 chameleon1389
Execute 2024-01-07 11:31:52.665543423 +0000 UTC m=+0.011503988 chameleon903
Execute 2024-01-07 11:31:52.66577592 +0000 UTC m=+0.011736491 chameleon1230
Execute 2024-01-07 11:31:52.665744517 +0000 UTC m=+0.011705080 chameleon950
Execute 2024-01-07 11:31:52.665847061 +0000 UTC m=+0.011807627 chameleon632
Execute 2024-01-07 11:31:52.665816721 +0000 UTC m=+0.011777281 chameleon1331
Execute 2024-01-07 11:31:52.665986126 +0000 UTC m=+0.011946689 chameleon1408
Execute 2024-01-07 11:31:52.666050374 +0000 UTC m=+0.012010949 chameleon297
Execute 2024-01-07 11:31:52.666171196 +0000 UTC m=+0.012131754 chameleon1123
Execute 2024-01-07 11:31:52.666318786 +0000 UTC m=+0.012279348 chameleon195
Execute 2024-01-07 11:31:52.666326891 +0000 UTC m=+0.012287486 chameleon52
Execute 2024-01-07 11:31:52.666449801 +0000 UTC m=+0.012410375 chameleon1336
Execute 2024-01-07 11:31:52.666694483 +0000 UTC m=+0.012655046 chameleon1503
Execute 2024-01-07 11:31:52.666592248 +0000 UTC m=+0.012552876 chameleon1034
Execute 2024-01-07 11:31:52.666712634 +0000 UTC m=+0.012673228 chameleon23
Execute 2024-01-07 11:31:52.666941944 +0000 UTC m=+0.012902508 chameleon588
Execute 2024-01-07 11:31:52.666989638 +0000 UTC m=+0.012950206 chameleon97
Execute 2024-01-07 11:31:52.667050136 +0000 UTC m=+0.013010827 chameleon1036
Execute 2024-01-07 11:31:52.667265643 +0000 UTC m=+0.013226207 chameleon223
Execute 2024-01-07 11:31:52.667262996 +0000 UTC m=+0.013223560 chameleon722
Execute 2024-01-07 11:31:52.667218723 +0000 UTC m=+0.013179295 chameleon181
Execute 2024-01-07 11:31:52.667315029 +0000 UTC m=+0.013275591 chameleon692
Execute 2024-01-07 11:31:52.667234964 +0000 UTC m=+0.013195542 chameleon1396
Execute 2024-01-07 11:31:52.667541818 +0000 UTC m=+0.013502509 chameleon579
Execute 2024-01-07 11:31:52.667704995 +0000 UTC m=+0.013665559 chameleon985
Execute 2024-01-07 11:31:52.667621136 +0000 UTC m=+0.013581701 chameleon619
Execute 2024-01-07 11:31:52.66779686 +0000 UTC m=+0.013757480 chameleon1415
Execute 2024-01-07 11:31:52.667948953 +0000 UTC m=+0.013909517 chameleon804
Execute 2024-01-07 11:31:52.668001019 +0000 UTC m=+0.013961617 chameleon796
Execute 2024-01-07 11:31:52.667657292 +0000 UTC m=+0.013617890 chameleon664
Execute 2024-01-07 11:31:52.668104294 +0000 UTC m=+0.014064858 chameleon1643
Execute 2024-01-07 11:31:52.668166285 +0000 UTC m=+0.014126848 chameleon1126
Execute 2024-01-07 11:31:52.668385452 +0000 UTC m=+0.014346014 chameleon476
Execute 2024-01-07 11:31:52.668399806 +0000 UTC m=+0.014360372 chameleon103
Execute 2024-01-07 11:31:52.668481668 +0000 UTC m=+0.014442231 chameleon1075
Execute 2024-01-07 11:31:52.668489584 +0000 UTC m=+0.014450147 chameleon1295
Execute 2024-01-07 11:31:52.668342246 +0000 UTC m=+0.014302809 chameleon833
Execute 2024-01-07 11:31:52.668596862 +0000 UTC m=+0.014557431 chameleon395
Execute 2024-01-07 11:31:52.668787465 +0000 UTC m=+0.014748022 chameleon1343
Execute 2024-01-07 11:31:52.668751538 +0000 UTC m=+0.014712101 chameleon1307
Execute 2024-01-07 11:31:52.668842916 +0000 UTC m=+0.014803495 chameleon156
Execute 2024-01-07 11:31:52.668915259 +0000 UTC m=+0.014875816 chameleon451
Execute 2024-01-07 11:31:52.668958062 +0000 UTC m=+0.014918619 chameleon709
Execute 2024-01-07 11:31:52.669001776 +0000 UTC m=+0.014962342 chameleon1450
Execute 2024-01-07 11:31:52.669079679 +0000 UTC m=+0.015040243 chameleon746
Execute 2024-01-07 11:31:52.668897813 +0000 UTC m=+0.014858370 chameleon176
Execute 2024-01-07 11:31:52.669202133 +0000 UTC m=+0.015162697 chameleon969
Execute 2024-01-07 11:31:52.669276252 +0000 UTC m=+0.015236817 chameleon167
Execute 2024-01-07 11:31:52.669331516 +0000 UTC m=+0.015292074 chameleon366
Execute 2024-01-07 11:31:52.669364898 +0000 UTC m=+0.015325484 chameleon1346
Execute 2024-01-07 11:31:52.669457794 +0000 UTC m=+0.015418357 chameleon1610
Execute 2024-01-07 11:31:52.669521602 +0000 UTC m=+0.015482166 chameleon623
Execute 2024-01-07 11:31:52.669611999 +0000 UTC m=+0.015572571 chameleon330
Execute 2024-01-07 11:31:52.669709149 +0000 UTC m=+0.015669706 chameleon855
Execute 2024-01-07 11:31:52.669833832 +0000 UTC m=+0.015794434 chameleon281
Execute 2024-01-07 11:31:52.669921328 +0000 UTC m=+0.015881885 chameleon560
Execute 2024-01-07 11:31:52.669943909 +0000 UTC m=+0.015904471 chameleon1147
Execute 2024-01-07 11:31:52.669962875 +0000 UTC m=+0.015923452 chameleon1114
Execute 2024-01-07 11:31:52.669921575 +0000 UTC m=+0.015882137 chameleon169
Execute 2024-01-07 11:31:52.670050581 +0000 UTC m=+0.016011143 chameleon19
Execute 2024-01-07 11:31:52.670152901 +0000 UTC m=+0.016113474 chameleon1377
Execute 2024-01-07 11:31:52.669873195 +0000 UTC m=+0.015833758 chameleon636
Execute 2024-01-07 11:31:52.67027633 +0000 UTC m=+0.016236888 chameleon464
Execute 2024-01-07 11:31:52.670307932 +0000 UTC m=+0.016268497 chameleon922
Execute 2024-01-07 11:31:52.670368565 +0000 UTC m=+0.016329127 chameleon198
Execute 2024-01-07 11:31:52.670431226 +0000 UTC m=+0.016391796 chameleon920
Execute 2024-01-07 11:31:52.670566596 +0000 UTC m=+0.016527154 chameleon978
Execute 2024-01-07 11:31:52.670667545 +0000 UTC m=+0.016628102 chameleon70
Execute 2024-01-07 11:31:52.670624416 +0000 UTC m=+0.016584979 chameleon1119
Execute 2024-01-07 11:31:52.670727408 +0000 UTC m=+0.016687966 chameleon925
Execute 2024-01-07 11:31:52.670769277 +0000 UTC m=+0.016729842 chameleon69
Execute 2024-01-07 11:31:52.670844134 +0000 UTC m=+0.016804692 chameleon172
Execute 2024-01-07 11:31:52.670988822 +0000 UTC m=+0.016949379 chameleon1191
Execute 2024-01-07 11:31:52.670932349 +0000 UTC m=+0.016892906 chameleon1593
Execute 2024-01-07 11:31:52.671078625 +0000 UTC m=+0.017039184 chameleon799
Execute 2024-01-07 11:31:52.671128345 +0000 UTC m=+0.017088905 chameleon235
Execute 2024-01-07 11:31:52.671199547 +0000 UTC m=+0.017160104 chameleon207
Execute 2024-01-07 11:31:52.671267375 +0000 UTC m=+0.017227932 chameleon178
Execute 2024-01-07 11:31:52.671321196 +0000 UTC m=+0.017281754 chameleon1714
Execute 2024-01-07 11:31:52.671372355 +0000 UTC m=+0.017332916 chameleon710
Execute 2024-01-07 11:31:52.671514979 +0000 UTC m=+0.017475537 chameleon226
Execute 2024-01-07 11:31:52.671579299 +0000 UTC m=+0.017539868 chameleon1090
Execute 2024-01-07 11:31:52.671673109 +0000 UTC m=+0.017633667 chameleon1567
Execute 2024-01-07 11:31:52.671717247 +0000 UTC m=+0.017677810 chameleon1572
Execute 2024-01-07 11:31:52.671781795 +0000 UTC m=+0.017742352 chameleon1616
Execute 2024-01-07 11:31:52.671837796 +0000 UTC m=+0.017798353 chameleon706
Execute 2024-01-07 11:31:52.67185854 +0000 UTC m=+0.017819096 chameleon1374
Execute 2024-01-07 11:31:52.671910265 +0000 UTC m=+0.017870829 chameleon893
Execute 2024-01-07 11:31:52.671965242 +0000 UTC m=+0.017925812 chameleon659
Execute 2024-01-07 11:31:52.672041716 +0000 UTC m=+0.018002286 chameleon658
Execute 2024-01-07 11:31:52.671844074 +0000 UTC m=+0.017804631 chameleon1086
Execute 2024-01-07 11:31:52.672060422 +0000 UTC m=+0.018020979 chameleon1282
Execute 2024-01-07 11:31:52.672134402 +0000 UTC m=+0.018094959 chameleon191
Execute 2024-01-07 11:31:52.672310212 +0000 UTC m=+0.018270770 chameleon186
Execute 2024-01-07 11:31:52.672248645 +0000 UTC m=+0.018209203 chameleon786
Execute 2024-01-07 11:31:52.672309296 +0000 UTC m=+0.018269853 chameleon481
Execute 2024-01-07 11:31:52.672039863 +0000 UTC m=+0.018000420 chameleon806
Execute 2024-01-07 11:31:52.672302362 +0000 UTC m=+0.018262919 chameleon243
Execute 2024-01-07 11:31:52.672437509 +0000 UTC m=+0.018398066 chameleon177
Execute 2024-01-07 11:31:52.672498646 +0000 UTC m=+0.018459214 chameleon628
Execute 2024-01-07 11:31:52.672569472 +0000 UTC m=+0.018530029 chameleon1489
Execute 2024-01-07 11:31:52.672637364 +0000 UTC m=+0.018597921 chameleon544
Execute 2024-01-07 11:31:52.672758359 +0000 UTC m=+0.018718916 chameleon873
Execute 2024-01-07 11:31:52.672839346 +0000 UTC m=+0.018799903 chameleon1637
Execute 2024-01-07 11:31:52.673015009 +0000 UTC m=+0.018975567 chameleon123
Execute 2024-01-07 11:31:52.67300185 +0000 UTC m=+0.018962407 chameleon699
Execute 2024-01-07 11:31:52.672939234 +0000 UTC m=+0.018899923 chameleon655
Execute 2024-01-07 11:31:52.673171763 +0000 UTC m=+0.019132329 chameleon1626
Execute 2024-01-07 11:31:52.673158064 +0000 UTC m=+0.019118622 chameleon563
Execute 2024-01-07 11:31:52.673283185 +0000 UTC m=+0.019243748 chameleon94
Execute 2024-01-07 11:31:52.673275797 +0000 UTC m=+0.019236355 chameleon1242
Execute 2024-01-07 11:31:52.673364566 +0000 UTC m=+0.019325124 chameleon319
Execute 2024-01-07 11:31:52.673505009 +0000 UTC m=+0.019465573 chameleon320
Execute 2024-01-07 11:31:52.673585354 +0000 UTC m=+0.019545951 chameleon566
Execute 2024-01-07 11:31:52.673647748 +0000 UTC m=+0.019608308 chameleon153
Execute 2024-01-07 11:31:52.673735231 +0000 UTC m=+0.019695787 chameleon1241
Execute 2024-01-07 11:31:52.673641903 +0000 UTC m=+0.019602505 chameleon254
Execute 2024-01-07 11:31:52.673813178 +0000 UTC m=+0.019773737 chameleon10
Execute 2024-01-07 11:31:52.673898439 +0000 UTC m=+0.019858996 chameleon11
Execute 2024-01-07 11:31:52.673960071 +0000 UTC m=+0.019920629 chameleon49
Execute 2024-01-07 11:31:52.673982194 +0000 UTC m=+0.019942752 chameleon333
Execute 2024-01-07 11:31:52.674050464 +0000 UTC m=+0.020011023 chameleon1338
Execute 2024-01-07 11:31:52.674206197 +0000 UTC m=+0.020166766 chameleon905
Execute 2024-01-07 11:31:52.674244018 +0000 UTC m=+0.020204576 chameleon444
Execute 2024-01-07 11:31:52.674307619 +0000 UTC m=+0.020268178 chameleon1141
Execute 2024-01-07 11:31:52.674307525 +0000 UTC m=+0.020268082 chameleon1710
Execute 2024-01-07 11:31:52.674407595 +0000 UTC m=+0.020368154 chameleon527
Execute 2024-01-07 11:31:52.674537695 +0000 UTC m=+0.020498252 chameleon1260
Execute 2024-01-07 11:31:52.674468264 +0000 UTC m=+0.020428821 chameleon343
Execute 2024-01-07 11:31:52.674599228 +0000 UTC m=+0.020559785 chameleon1362
Execute 2024-01-07 11:31:52.674608047 +0000 UTC m=+0.020568604 chameleon807
Execute 2024-01-07 11:31:52.674668819 +0000 UTC m=+0.020629376 chameleon1200
Execute 2024-01-07 11:31:52.674829083 +0000 UTC m=+0.020789641 chameleon846
Execute 2024-01-07 11:31:52.674827907 +0000 UTC m=+0.020788465 chameleon900
Execute 2024-01-07 11:31:52.674869021 +0000 UTC m=+0.020829578 chameleon6
Execute 2024-01-07 11:31:52.674877095 +0000 UTC m=+0.020837668 chameleon921
Execute 2024-01-07 11:31:52.674951685 +0000 UTC m=+0.020912242 chameleon38
Execute 2024-01-07 11:31:52.675025762 +0000 UTC m=+0.020986334 chameleon400
Execute 2024-01-07 11:31:52.675137824 +0000 UTC m=+0.021098383 chameleon1137
Execute 2024-01-07 11:31:52.675185032 +0000 UTC m=+0.021145590 chameleon344
Execute 2024-01-07 11:31:52.675153863 +0000 UTC m=+0.021114419 chameleon95
Execute 2024-01-07 11:31:52.675210792 +0000 UTC m=+0.021171350 chameleon677
Execute 2024-01-07 11:31:52.675273641 +0000 UTC m=+0.021234202 chameleon54
Execute 2024-01-07 11:31:52.67530987 +0000 UTC m=+0.021270427 chameleon837
Execute 2024-01-07 11:31:52.67534518 +0000 UTC m=+0.021305737 chameleon1564
Execute 2024-01-07 11:31:52.675137226 +0000 UTC m=+0.021097784 chameleon1437
Execute 2024-01-07 11:31:52.67544721 +0000 UTC m=+0.021407767 chameleon1453
Execute 2024-01-07 11:31:52.67558374 +0000 UTC m=+0.021544299 chameleon961
Execute 2024-01-07 11:31:52.675503285 +0000 UTC m=+0.021463847 chameleon1351
Execute 2024-01-07 11:31:52.675658171 +0000 UTC m=+0.021618732 chameleon1292
Execute 2024-01-07 11:31:52.675745255 +0000 UTC m=+0.021705811 chameleon931
Execute 2024-01-07 11:31:52.675767927 +0000 UTC m=+0.021728484 chameleon471
Execute 2024-01-07 11:31:52.675839353 +0000 UTC m=+0.021799910 chameleon141
Execute 2024-01-07 11:31:52.67583869 +0000 UTC m=+0.021799249 chameleon13
Execute 2024-01-07 11:31:52.675913223 +0000 UTC m=+0.021873780 chameleon1184
Execute 2024-01-07 11:31:52.675706227 +0000 UTC m=+0.021666786 chameleon421
Execute 2024-01-07 11:31:52.675753965 +0000 UTC m=+0.021714523 chameleon1523
Execute 2024-01-07 11:31:52.676004384 +0000 UTC m=+0.021964942 chameleon1611
Execute 2024-01-07 11:31:52.6762097 +0000 UTC m=+0.022170256 chameleon1635
Execute 2024-01-07 11:31:52.676187953 +0000 UTC m=+0.022148511 chameleon259
Execute 2024-01-07 11:31:52.676287065 +0000 UTC m=+0.022247623 chameleon1211
Execute 2024-01-07 11:31:52.67634612 +0000 UTC m=+0.022306678 chameleon1303
Execute 2024-01-07 11:31:52.676396906 +0000 UTC m=+0.022357466 chameleon115
Execute 2024-01-07 11:31:52.676481558 +0000 UTC m=+0.022442115 chameleon934
Execute 2024-01-07 11:31:52.676493275 +0000 UTC m=+0.022453836 chameleon1464
Execute 2024-01-07 11:31:52.676554485 +0000 UTC m=+0.022515044 chameleon662
Execute 2024-01-07 11:31:52.676618054 +0000 UTC m=+0.022578612 chameleon1457
Execute 2024-01-07 11:31:52.676733217 +0000 UTC m=+0.022693789 chameleon1012
Execute 2024-01-07 11:31:52.676732342 +0000 UTC m=+0.022692902 chameleon1561
Execute 2024-01-07 11:31:52.676887522 +0000 UTC m=+0.022848080 chameleon1084
Execute 2024-01-07 11:31:52.676867523 +0000 UTC m=+0.022828080 chameleon374
Execute 2024-01-07 11:31:52.67701075 +0000 UTC m=+0.022971308 chameleon1425
Execute 2024-01-07 11:31:52.677052495 +0000 UTC m=+0.023013052 chameleon283
Execute 2024-01-07 11:31:52.677066271 +0000 UTC m=+0.023026828 chameleon1238
Execute 2024-01-07 11:31:52.677120024 +0000 UTC m=+0.023080581 chameleon1511
Execute 2024-01-07 11:31:52.677225807 +0000 UTC m=+0.023186365 chameleon1647
Execute 2024-01-07 11:31:52.677164986 +0000 UTC m=+0.023125543 chameleon688
Execute 2024-01-07 11:31:52.677024276 +0000 UTC m=+0.022984834 chameleon443
Execute 2024-01-07 11:31:52.677335921 +0000 UTC m=+0.023296478 chameleon766
Execute 2024-01-07 11:31:52.677225564 +0000 UTC m=+0.023186139 chameleon138
Execute 2024-01-07 11:31:52.677430547 +0000 UTC m=+0.023391104 chameleon144
Execute 2024-01-07 11:31:52.677546065 +0000 UTC m=+0.023506632 chameleon884
Execute 2024-01-07 11:31:52.677547356 +0000 UTC m=+0.023507913 chameleon795
Execute 2024-01-07 11:31:52.677664437 +0000 UTC m=+0.023624994 chameleon648
Execute 2024-01-07 11:31:52.677705195 +0000 UTC m=+0.023665753 chameleon708
Execute 2024-01-07 11:31:52.677769078 +0000 UTC m=+0.023729636 chameleon928
Execute 2024-01-07 11:31:52.677838874 +0000 UTC m=+0.023799439 chameleon962
Execute 2024-01-07 11:31:52.677915114 +0000 UTC m=+0.023875671 chameleon1267
Execute 2024-01-07 11:31:52.677976689 +0000 UTC m=+0.023937247 chameleon719
Execute 2024-01-07 11:31:52.67768845 +0000 UTC m=+0.023649009 chameleon490
Execute 2024-01-07 11:31:52.678043977 +0000 UTC m=+0.024004539 chameleon721
Execute 2024-01-07 11:31:52.678122689 +0000 UTC m=+0.024083248 chameleon485
Execute 2024-01-07 11:31:52.67819748 +0000 UTC m=+0.024158038 chameleon894
Execute 2024-01-07 11:31:52.678211656 +0000 UTC m=+0.024172213 chameleon1541
Execute 2024-01-07 11:31:52.678275623 +0000 UTC m=+0.024236181 chameleon1656
Execute 2024-01-07 11:31:52.67831846 +0000 UTC m=+0.024279018 chameleon582
Execute 2024-01-07 11:31:52.678362849 +0000 UTC m=+0.024323409 chameleon346
Execute 2024-01-07 11:31:52.678445963 +0000 UTC m=+0.024406521 chameleon1600
Execute 2024-01-07 11:31:52.678493707 +0000 UTC m=+0.024454267 chameleon650
Execute 2024-01-07 11:31:52.678588393 +0000 UTC m=+0.024548951 chameleon1502
Execute 2024-01-07 11:31:52.678624034 +0000 UTC m=+0.024584591 chameleon571
Execute 2024-01-07 11:31:52.678759952 +0000 UTC m=+0.024720510 chameleon192
Execute 2024-01-07 11:31:52.678792272 +0000 UTC m=+0.024752830 chameleon405
Execute 2024-01-07 11:31:52.678802258 +0000 UTC m=+0.024762814 chameleon206
Execute 2024-01-07 11:31:52.678874659 +0000 UTC m=+0.024835216 chameleon1163
Execute 2024-01-07 11:31:52.678951099 +0000 UTC m=+0.024911657 chameleon852
Execute 2024-01-07 11:31:52.679030005 +0000 UTC m=+0.024990562 chameleon1692
Execute 2024-01-07 11:31:52.679069756 +0000 UTC m=+0.025030319 chameleon290
Execute 2024-01-07 11:31:52.679082232 +0000 UTC m=+0.025042790 chameleon887
Execute 2024-01-07 11:31:52.679106841 +0000 UTC m=+0.025067399 chameleon1019
Execute 2024-01-07 11:31:52.679043555 +0000 UTC m=+0.025004119 chameleon1516
Execute 2024-01-07 11:31:52.679206663 +0000 UTC m=+0.025167221 chameleon1709
Execute 2024-01-07 11:31:52.679291433 +0000 UTC m=+0.025251994 chameleon512
Execute 2024-01-07 11:31:52.679367329 +0000 UTC m=+0.025327886 chameleon1534
Execute 2024-01-07 11:31:52.679408333 +0000 UTC m=+0.025368891 chameleon864
Execute 2024-01-07 11:31:52.679453248 +0000 UTC m=+0.025413805 chameleon941
Execute 2024-01-07 11:31:52.679492272 +0000 UTC m=+0.025452831 chameleon328
Execute 2024-01-07 11:31:52.679573526 +0000 UTC m=+0.025534085 chameleon1078
Execute 2024-01-07 11:31:52.679573745 +0000 UTC m=+0.025534301 chameleon1383
Execute 2024-01-07 11:31:52.679624356 +0000 UTC m=+0.025584913 chameleon581
Execute 2024-01-07 11:31:52.679679112 +0000 UTC m=+0.025639671 chameleon1720
Execute 2024-01-07 11:31:52.679763896 +0000 UTC m=+0.025724453 chameleon306
Execute 2024-01-07 11:31:52.679811374 +0000 UTC m=+0.025771931 chameleon1349
Execute 2024-01-07 11:31:52.67985567 +0000 UTC m=+0.025816228 chameleon878
Execute 2024-01-07 11:31:52.679888425 +0000 UTC m=+0.025848982 chameleon1251
Execute 2024-01-07 11:31:52.679938573 +0000 UTC m=+0.025899130 chameleon645
Execute 2024-01-07 11:31:52.679994925 +0000 UTC m=+0.025955483 chameleon505
Execute 2024-01-07 11:31:52.680092103 +0000 UTC m=+0.026052661 chameleon1393
Execute 2024-01-07 11:31:52.680160761 +0000 UTC m=+0.026121319 chameleon1000
Execute 2024-01-07 11:31:52.680144257 +0000 UTC m=+0.026104814 chameleon1648
Execute 2024-01-07 11:31:52.680211997 +0000 UTC m=+0.026172555 chameleon1121
Execute 2024-01-07 11:31:52.68028606 +0000 UTC m=+0.026246618 chameleon301
Execute 2024-01-07 11:31:52.680323847 +0000 UTC m=+0.026284404 chameleon576
Execute 2024-01-07 11:31:52.680389145 +0000 UTC m=+0.026349704 chameleon42
Execute 2024-01-07 11:31:52.680437708 +0000 UTC m=+0.026398269 chameleon1604
Execute 2024-01-07 11:31:52.680552942 +0000 UTC m=+0.026513499 chameleon364
Execute 2024-01-07 11:31:52.680595319 +0000 UTC m=+0.026555876 chameleon770
Execute 2024-01-07 11:31:52.680636125 +0000 UTC m=+0.026596685 chameleon1254
Execute 2024-01-07 11:31:52.680692479 +0000 UTC m=+0.026653040 chameleon452
Execute 2024-01-07 11:31:52.680786903 +0000 UTC m=+0.026747460 chameleon682
Execute 2024-01-07 11:31:52.680877192 +0000 UTC m=+0.026837768 chameleon1203
Execute 2024-01-07 11:31:52.681034848 +0000 UTC m=+0.026995407 chameleon204
Execute 2024-01-07 11:31:52.681031592 +0000 UTC m=+0.026992149 chameleon771
Execute 2024-01-07 11:31:52.681108472 +0000 UTC m=+0.027069030 chameleon503
Execute 2024-01-07 11:31:52.681179591 +0000 UTC m=+0.027140149 chameleon398
Execute 2024-01-07 11:31:52.681231334 +0000 UTC m=+0.027191893 chameleon1405
Execute 2024-01-07 11:31:52.68128833 +0000 UTC m=+0.027248890 chameleon839
Execute 2024-01-07 11:31:52.681343698 +0000 UTC m=+0.027304255 chameleon347
Execute 2024-01-07 11:31:52.681344244 +0000 UTC m=+0.027304801 chameleon901
Execute 2024-01-07 11:31:52.681373945 +0000 UTC m=+0.027334501 chameleon723
Execute 2024-01-07 11:31:52.681407605 +0000 UTC m=+0.027368162 chameleon1340
Execute 2024-01-07 11:31:52.681465554 +0000 UTC m=+0.027426111 chameleon854
Execute 2024-01-07 11:31:52.681484481 +0000 UTC m=+0.027445039 chameleon1257
Execute 2024-01-07 11:31:52.681539023 +0000 UTC m=+0.027499581 chameleon720
Execute 2024-01-07 11:31:52.681577712 +0000 UTC m=+0.027538271 chameleon1223
Execute 2024-01-07 11:31:52.681665912 +0000 UTC m=+0.027626468 chameleon302
Execute 2024-01-07 11:31:52.681705159 +0000 UTC m=+0.027665716 chameleon514
Execute 2024-01-07 11:31:52.681756534 +0000 UTC m=+0.027717092 chameleon1700
Execute 2024-01-07 11:31:52.68180317 +0000 UTC m=+0.027763728 chameleon1045
Execute 2024-01-07 11:31:52.681834614 +0000 UTC m=+0.027795172 chameleon787
Execute 2024-01-07 11:31:52.681835227 +0000 UTC m=+0.027795785 chameleon1703
Execute 2024-01-07 11:31:52.681959009 +0000 UTC m=+0.027919569 chameleon474
Execute 2024-01-07 11:31:52.682033464 +0000 UTC m=+0.027994023 chameleon1145
Execute 2024-01-07 11:31:52.682095101 +0000 UTC m=+0.028055659 chameleon1053
Execute 2024-01-07 11:31:52.682145369 +0000 UTC m=+0.028105926 chameleon508
Execute 2024-01-07 11:31:52.682161996 +0000 UTC m=+0.028122553 chameleon1566
Execute 2024-01-07 11:31:52.682211704 +0000 UTC m=+0.028172262 chameleon372
Execute 2024-01-07 11:31:52.68227739 +0000 UTC m=+0.028237947 chameleon201
Execute 2024-01-07 11:31:52.682324495 +0000 UTC m=+0.028285052 chameleon1544
Execute 2024-01-07 11:31:52.682377714 +0000 UTC m=+0.028338272 chameleon1151
Execute 2024-01-07 11:31:52.682415679 +0000 UTC m=+0.028376236 chameleon1580
Execute 2024-01-07 11:31:52.682468425 +0000 UTC m=+0.028428983 chameleon1618
Execute 2024-01-07 11:31:52.682539343 +0000 UTC m=+0.028499901 chameleon30
Execute 2024-01-07 11:31:52.682551183 +0000 UTC m=+0.028511740 chameleon378
Execute 2024-01-07 11:31:52.682600136 +0000 UTC m=+0.028560693 chameleon102
Execute 2024-01-07 11:31:52.682622369 +0000 UTC m=+0.028582926 chameleon483
Execute 2024-01-07 11:31:52.682664084 +0000 UTC m=+0.028624641 chameleon1031
Execute 2024-01-07 11:31:52.68272169 +0000 UTC m=+0.028682248 chameleon1248
Execute 2024-01-07 11:31:52.682727717 +0000 UTC m=+0.028688274 chameleon509
Execute 2024-01-07 11:31:52.682771363 +0000 UTC m=+0.028731920 chameleon337
Execute 2024-01-07 11:31:52.682852006 +0000 UTC m=+0.028812565 chameleon230
Execute 2024-01-07 11:31:52.682878611 +0000 UTC m=+0.028839168 chameleon609
Execute 2024-01-07 11:31:52.68288874 +0000 UTC m=+0.028849297 chameleon964
Execute 2024-01-07 11:31:52.682956739 +0000 UTC m=+0.028917296 chameleon1688
Execute 2024-01-07 11:31:52.68302477 +0000 UTC m=+0.028985328 chameleon906
Execute 2024-01-07 11:31:52.683061459 +0000 UTC m=+0.029022017 chameleon701
Execute 2024-01-07 11:31:52.683179853 +0000 UTC m=+0.029140410 chameleon267
Execute 2024-01-07 11:31:52.683235486 +0000 UTC m=+0.029196044 chameleon211
Execute 2024-01-07 11:31:52.683253394 +0000 UTC m=+0.029213951 chameleon323
Execute 2024-01-07 11:31:52.683367989 +0000 UTC m=+0.029328547 chameleon872
Execute 2024-01-07 11:31:52.683481064 +0000 UTC m=+0.029441621 chameleon1113
Execute 2024-01-07 11:31:52.683525409 +0000 UTC m=+0.029485967 chameleon1185
Execute 2024-01-07 11:31:52.683606214 +0000 UTC m=+0.029566775 chameleon266
Execute 2024-01-07 11:31:52.683702585 +0000 UTC m=+0.029663143 chameleon1173
Execute 2024-01-07 11:31:52.683731466 +0000 UTC m=+0.029692023 chameleon1448
Execute 2024-01-07 11:31:52.68379143 +0000 UTC m=+0.029751987 chameleon278
Execute 2024-01-07 11:31:52.683804163 +0000 UTC m=+0.029764723 chameleon1451
Execute 2024-01-07 11:31:52.683895709 +0000 UTC m=+0.029856267 chameleon1444
Execute 2024-01-07 11:31:52.683901185 +0000 UTC m=+0.029861743 chameleon1650
Execute 2024-01-07 11:31:52.683955468 +0000 UTC m=+0.029916025 chameleon1255
Execute 2024-01-07 11:31:52.684000629 +0000 UTC m=+0.029961189 chameleon350
Execute 2024-01-07 11:31:52.684090246 +0000 UTC m=+0.030050803 chameleon329
Execute 2024-01-07 11:31:52.684090082 +0000 UTC m=+0.030050638 chameleon1460
Execute 2024-01-07 11:31:52.684146143 +0000 UTC m=+0.030106700 chameleon1261
Execute 2024-01-07 11:31:52.684186676 +0000 UTC m=+0.030147233 chameleon1359
Execute 2024-01-07 11:31:52.68424033 +0000 UTC m=+0.030200887 chameleon622
Execute 2024-01-07 11:31:52.68428969 +0000 UTC m=+0.030250250 chameleon1449
Execute 2024-01-07 11:31:52.684330753 +0000 UTC m=+0.030291310 chameleon87
Execute 2024-01-07 11:31:52.684329653 +0000 UTC m=+0.030290211 chameleon1640
Execute 2024-01-07 11:31:52.684399552 +0000 UTC m=+0.030360109 chameleon8
Execute 2024-01-07 11:31:52.684560758 +0000 UTC m=+0.030521331 chameleon1199
Execute 2024-01-07 11:31:52.684590133 +0000 UTC m=+0.030550691 chameleon435
Execute 2024-01-07 11:31:52.684670335 +0000 UTC m=+0.030630895 chameleon859
Execute 2024-01-07 11:31:52.684703919 +0000 UTC m=+0.030664476 chameleon868
Execute 2024-01-07 11:31:52.68471289 +0000 UTC m=+0.030673447 chameleon1392
Execute 2024-01-07 11:31:52.684747821 +0000 UTC m=+0.030708378 chameleon1407
Execute 2024-01-07 11:31:52.684816638 +0000 UTC m=+0.030777196 chameleon534
Execute 2024-01-07 11:31:52.68487004 +0000 UTC m=+0.030830597 chameleon218
Execute 2024-01-07 11:31:52.684672616 +0000 UTC m=+0.030633174 chameleon1006
Execute 2024-01-07 11:31:52.684951292 +0000 UTC m=+0.030911850 chameleon1693
Execute 2024-01-07 11:31:52.68500254 +0000 UTC m=+0.030963097 chameleon1253
Execute 2024-01-07 11:31:52.685051308 +0000 UTC m=+0.031011868 chameleon1327
Execute 2024-01-07 11:31:52.685079666 +0000 UTC m=+0.031040224 chameleon122
Execute 2024-01-07 11:31:52.685137105 +0000 UTC m=+0.031097663 chameleon1004
Execute 2024-01-07 11:31:52.685151307 +0000 UTC m=+0.031111865 chameleon621
Execute 2024-01-07 11:31:52.68523053 +0000 UTC m=+0.031191087 chameleon1725
Execute 2024-01-07 11:31:52.685340033 +0000 UTC m=+0.031300590 chameleon1269
Execute 2024-01-07 11:31:52.685418439 +0000 UTC m=+0.031378996 chameleon1169
Execute 2024-01-07 11:31:52.685476649 +0000 UTC m=+0.031437206 chameleon1428
Execute 2024-01-07 11:31:52.685540719 +0000 UTC m=+0.031501278 chameleon1717
Execute 2024-01-07 11:31:52.685588512 +0000 UTC m=+0.031549069 chameleon696
Execute 2024-01-07 11:31:52.685642616 +0000 UTC m=+0.031603176 chameleon1498
Execute 2024-01-07 11:31:52.685687477 +0000 UTC m=+0.031648036 chameleon992
Execute 2024-01-07 11:31:52.685756688 +0000 UTC m=+0.031717246 chameleon951
Execute 2024-01-07 11:31:52.685803532 +0000 UTC m=+0.031764093 chameleon1446
Execute 2024-01-07 11:31:52.685870978 +0000 UTC m=+0.031831535 chameleon980
Execute 2024-01-07 11:31:52.685901419 +0000 UTC m=+0.031861977 chameleon404
Execute 2024-01-07 11:31:52.686013237 +0000 UTC m=+0.031973795 chameleon958
Execute 2024-01-07 11:31:52.686070563 +0000 UTC m=+0.032031121 chameleon1554
Execute 2024-01-07 11:31:52.685879732 +0000 UTC m=+0.031840290 chameleon1326
Execute 2024-01-07 11:31:52.686136202 +0000 UTC m=+0.032096762 chameleon402
Execute 2024-01-07 11:31:52.686173673 +0000 UTC m=+0.032134230 chameleon224
Execute 2024-01-07 11:31:52.686250982 +0000 UTC m=+0.032211540 chameleon923
Execute 2024-01-07 11:31:52.686329729 +0000 UTC m=+0.032290285 chameleon1517
Execute 2024-01-07 11:31:52.686330145 +0000 UTC m=+0.032290702 chameleon528
Execute 2024-01-07 11:31:52.686377025 +0000 UTC m=+0.032337584 chameleon1150
Execute 2024-01-07 11:31:52.68638638 +0000 UTC m=+0.032346937 chameleon89
Execute 2024-01-07 11:31:52.686563042 +0000 UTC m=+0.032523600 chameleon1236
Execute 2024-01-07 11:31:52.686621567 +0000 UTC m=+0.032582125 chameleon1478
Execute 2024-01-07 11:31:52.686688738 +0000 UTC m=+0.032649296 chameleon826
Execute 2024-01-07 11:31:52.686754585 +0000 UTC m=+0.032715143 chameleon256
Execute 2024-01-07 11:31:52.686808 +0000 UTC m=+0.032768558 chameleon1187
Execute 2024-01-07 11:31:52.686816622 +0000 UTC m=+0.032777182 chameleon1601
Execute 2024-01-07 11:31:52.686883897 +0000 UTC m=+0.032844454 chameleon926
Execute 2024-01-07 11:31:52.68695027 +0000 UTC m=+0.032910827 chameleon74
Execute 2024-01-07 11:31:52.687030098 +0000 UTC m=+0.032990655 chameleon18
Execute 2024-01-07 11:31:52.687039485 +0000 UTC m=+0.033000043 chameleon879
Execute 2024-01-07 11:31:52.687109087 +0000 UTC m=+0.033069644 chameleon1239
