ExecuteNoChannel 2024-01-07 08:39:42.83413894 +0000 UTC m=+0.001255989 chameleon1
ExecuteNoChannel 2024-01-07 08:39:42.834056878 +0000 UTC m=+0.001173990 chameleon23
ExecuteNoChannel 2024-01-07 08:39:42.83436611 +0000 UTC m=+0.001483158 chameleon33
ExecuteNoChannel 2024-01-07 08:39:42.834237302 +0000 UTC m=+0.001354351 chameleon25
ExecuteNoChannel 2024-01-07 08:39:42.834154468 +0000 UTC m=+0.001271534 chameleon37
ExecuteNoChannel 2024-01-07 08:39:42.834322193 +0000 UTC m=+0.001439244 chameleon29
ExecuteNoChannel 2024-01-07 08:39:42.834343117 +0000 UTC m=+0.001460167 chameleon30
ExecuteNoChannel 2024-01-07 08:39:42.834524586 +0000 UTC m=+0.001641698 chameleon36
ExecuteNoChannel 2024-01-07 08:39:42.834631062 +0000 UTC m=+0.001748111 chameleon16
ExecuteNoChannel 2024-01-07 08:39:42.834639045 +0000 UTC m=+0.001756094 chameleon163
ExecuteNoChannel 2024-01-07 08:39:42.834308645 +0000 UTC m=+0.001425693 chameleon28
ExecuteNoChannel 2024-01-07 08:39:42.8345725 +0000 UTC m=+0.001689613 chameleon3
ExecuteNoChannel 2024-01-07 08:39:42.834802977 +0000 UTC m=+0.001920026 chameleon106
ExecuteNoChannel 2024-01-07 08:39:42.834783517 +0000 UTC m=+0.001900565 chameleon105
ExecuteNoChannel 2024-01-07 08:39:42.834354606 +0000 UTC m=+0.001471655 chameleon32
ExecuteNoChannel 2024-01-07 08:39:42.834866327 +0000 UTC m=+0.001983375 chameleon107
ExecuteNoChannel 2024-01-07 08:39:42.834950188 +0000 UTC m=+0.002067280 chameleon134
ExecuteNoChannel 2024-01-07 08:39:42.834820206 +0000 UTC m=+0.001937382 chameleon102
ExecuteNoChannel 2024-01-07 08:39:42.834993812 +0000 UTC m=+0.002110985 chameleon117
ExecuteNoChannel 2024-01-07 08:39:42.835060779 +0000 UTC m=+0.002177870 chameleon393
ExecuteNoChannel 2024-01-07 08:39:42.834253918 +0000 UTC m=+0.001370969 chameleon26
ExecuteNoChannel 2024-01-07 08:39:42.835069359 +0000 UTC m=+0.002186446 chameleon118
ExecuteNoChannel 2024-01-07 08:39:42.835165355 +0000 UTC m=+0.002282446 chameleon108
ExecuteNoChannel 2024-01-07 08:39:42.83519909 +0000 UTC m=+0.002316178 chameleon164
ExecuteNoChannel 2024-01-07 08:39:42.835244674 +0000 UTC m=+0.002361762 chameleon122
ExecuteNoChannel 2024-01-07 08:39:42.835274637 +0000 UTC m=+0.002391728 chameleon39
ExecuteNoChannel 2024-01-07 08:39:42.834770551 +0000 UTC m=+0.001887599 chameleon104
ExecuteNoChannel 2024-01-07 08:39:42.835318547 +0000 UTC m=+0.002435635 chameleon165
ExecuteNoChannel 2024-01-07 08:39:42.835325493 +0000 UTC m=+0.002442581 chameleon109
ExecuteNoChannel 2024-01-07 08:39:42.835395226 +0000 UTC m=+0.002512314 chameleon40
ExecuteNoChannel 2024-01-07 08:39:42.835391142 +0000 UTC m=+0.002508233 chameleon123
ExecuteNoChannel 2024-01-07 08:39:42.834062816 +0000 UTC m=+0.001179899 chameleon5
ExecuteNoChannel 2024-01-07 08:39:42.835487107 +0000 UTC m=+0.002604194 chameleon129
ExecuteNoChannel 2024-01-07 08:39:42.83552145 +0000 UTC m=+0.002638607 chameleon148
ExecuteNoChannel 2024-01-07 08:39:42.835638565 +0000 UTC m=+0.002755662 chameleon131
ExecuteNoChannel 2024-01-07 08:39:42.835645016 +0000 UTC m=+0.002762065 chameleon42
ExecuteNoChannel 2024-01-07 08:39:42.835667851 +0000 UTC m=+0.002784900 chameleon113
ExecuteNoChannel 2024-01-07 08:39:42.83542594 +0000 UTC m=+0.002543087 chameleon147
ExecuteNoChannel 2024-01-07 08:39:42.835666891 +0000 UTC m=+0.002783940 chameleon135
ExecuteNoChannel 2024-01-07 08:39:42.835424255 +0000 UTC m=+0.002541449 chameleon549
ExecuteNoChannel 2024-01-07 08:39:42.835421189 +0000 UTC m=+0.002538280 chameleon125
ExecuteNoChannel 2024-01-07 08:39:42.835763506 +0000 UTC m=+0.002880557 chameleon138
ExecuteNoChannel 2024-01-07 08:39:42.835771953 +0000 UTC m=+0.002889002 chameleon151
ExecuteNoChannel 2024-01-07 08:39:42.835766246 +0000 UTC m=+0.002883360 chameleon150
ExecuteNoChannel 2024-01-07 08:39:42.835844527 +0000 UTC m=+0.002961576 chameleon155
ExecuteNoChannel 2024-01-07 08:39:42.835844888 +0000 UTC m=+0.002961936 chameleon54
ExecuteNoChannel 2024-01-07 08:39:42.835757888 +0000 UTC m=+0.002874937 chameleon116
ExecuteNoChannel 2024-01-07 08:39:42.835639488 +0000 UTC m=+0.002756579 chameleon110
ExecuteNoChannel 2024-01-07 08:39:42.835654492 +0000 UTC m=+0.002771541 chameleon112
ExecuteNoChannel 2024-01-07 08:39:42.835909415 +0000 UTC m=+0.003026528 chameleon394
ExecuteNoChannel 2024-01-07 08:39:42.835995899 +0000 UTC m=+0.003112991 chameleon149
ExecuteNoChannel 2024-01-07 08:39:42.836028926 +0000 UTC m=+0.003145974 chameleon62
ExecuteNoChannel 2024-01-07 08:39:42.836025598 +0000 UTC m=+0.003142646 chameleon558
ExecuteNoChannel 2024-01-07 08:39:42.835759103 +0000 UTC m=+0.002876152 chameleon45
ExecuteNoChannel 2024-01-07 08:39:42.835827885 +0000 UTC m=+0.002945022 chameleon153
ExecuteNoChannel 2024-01-07 08:39:42.836011732 +0000 UTC m=+0.003128898 chameleon159
ExecuteNoChannel 2024-01-07 08:39:42.836149516 +0000 UTC m=+0.003266565 chameleon568
ExecuteNoChannel 2024-01-07 08:39:42.835745294 +0000 UTC m=+0.002862342 chameleon44
ExecuteNoChannel 2024-01-07 08:39:42.835998273 +0000 UTC m=+0.003115322 chameleon58
ExecuteNoChannel 2024-01-07 08:39:42.835776558 +0000 UTC m=+0.002893609 chameleon46
ExecuteNoChannel 2024-01-07 08:39:42.836033065 +0000 UTC m=+0.003150123 chameleon560
ExecuteNoChannel 2024-01-07 08:39:42.836013044 +0000 UTC m=+0.003130093 chameleon556
ExecuteNoChannel 2024-01-07 08:39:42.83634613 +0000 UTC m=+0.003463179 chameleon574
ExecuteNoChannel 2024-01-07 08:39:42.835831721 +0000 UTC m=+0.002948770 chameleon158
ExecuteNoChannel 2024-01-07 08:39:42.836109406 +0000 UTC m=+0.003226457 chameleon561
ExecuteNoChannel 2024-01-07 08:39:42.835832945 +0000 UTC m=+0.002949997 chameleon52
ExecuteNoChannel 2024-01-07 08:39:42.836370468 +0000 UTC m=+0.003487519 chameleon576
ExecuteNoChannel 2024-01-07 08:39:42.836146359 +0000 UTC m=+0.003263561 chameleon552
ExecuteNoChannel 2024-01-07 08:39:42.836407838 +0000 UTC m=+0.003524889 chameleon169
ExecuteNoChannel 2024-01-07 08:39:42.836361791 +0000 UTC m=+0.003478965 chameleon132
ExecuteNoChannel 2024-01-07 08:39:42.836456258 +0000 UTC m=+0.003573307 chameleon598
ExecuteNoChannel 2024-01-07 08:39:42.836429179 +0000 UTC m=+0.003546228 chameleon590
ExecuteNoChannel 2024-01-07 08:39:42.836405299 +0000 UTC m=+0.003522348 chameleon396
ExecuteNoChannel 2024-01-07 08:39:42.836343283 +0000 UTC m=+0.003460370 chameleon168
ExecuteNoChannel 2024-01-07 08:39:42.836114995 +0000 UTC m=+0.003232086 chameleon562
ExecuteNoChannel 2024-01-07 08:39:42.836438829 +0000 UTC m=+0.003555877 chameleon593
ExecuteNoChannel 2024-01-07 08:39:42.836441196 +0000 UTC m=+0.003558249 chameleon597
ExecuteNoChannel 2024-01-07 08:39:42.836560847 +0000 UTC m=+0.003677895 chameleon612
ExecuteNoChannel 2024-01-07 08:39:42.836423784 +0000 UTC m=+0.003540832 chameleon589
ExecuteNoChannel 2024-01-07 08:39:42.836572384 +0000 UTC m=+0.003689433 chameleon616
ExecuteNoChannel 2024-01-07 08:39:42.836573161 +0000 UTC m=+0.003690210 chameleon400
ExecuteNoChannel 2024-01-07 08:39:42.836597096 +0000 UTC m=+0.003714148 chameleon627
ExecuteNoChannel 2024-01-07 08:39:42.834611641 +0000 UTC m=+0.001728690 chameleon14
ExecuteNoChannel 2024-01-07 08:39:42.836440646 +0000 UTC m=+0.003557696 chameleon595
ExecuteNoChannel 2024-01-07 08:39:42.836618806 +0000 UTC m=+0.003735856 chameleon636
ExecuteNoChannel 2024-01-07 08:39:42.836615278 +0000 UTC m=+0.003732327 chameleon629
ExecuteNoChannel 2024-01-07 08:39:42.836593098 +0000 UTC m=+0.003710155 chameleon626
ExecuteNoChannel 2024-01-07 08:39:42.836649148 +0000 UTC m=+0.003766199 chameleon642
ExecuteNoChannel 2024-01-07 08:39:42.836415733 +0000 UTC m=+0.003532786 chameleon582
ExecuteNoChannel 2024-01-07 08:39:42.83663728 +0000 UTC m=+0.003754329 chameleon639
ExecuteNoChannel 2024-01-07 08:39:42.835730026 +0000 UTC m=+0.002847074 chameleon43
ExecuteNoChannel 2024-01-07 08:39:42.836638233 +0000 UTC m=+0.003755287 chameleon635
ExecuteNoChannel 2024-01-07 08:39:42.836700858 +0000 UTC m=+0.003817907 chameleon647
ExecuteNoChannel 2024-01-07 08:39:42.8367471 +0000 UTC m=+0.003864148 chameleon651
ExecuteNoChannel 2024-01-07 08:39:42.836703475 +0000 UTC m=+0.003820527 chameleon645
ExecuteNoChannel 2024-01-07 08:39:42.836645778 +0000 UTC m=+0.003762831 chameleon174
ExecuteNoChannel 2024-01-07 08:39:42.836621244 +0000 UTC m=+0.003738332 chameleon140
ExecuteNoChannel 2024-01-07 08:39:42.836845025 +0000 UTC m=+0.003962074 chameleon655
ExecuteNoChannel 2024-01-07 08:39:42.836151411 +0000 UTC m=+0.003268499 chameleon571
ExecuteNoChannel 2024-01-07 08:39:42.836122331 +0000 UTC m=+0.003239379 chameleon565
ExecuteNoChannel 2024-01-07 08:39:42.836884888 +0000 UTC m=+0.004002090 chameleon650
ExecuteNoChannel 2024-01-07 08:39:42.836569105 +0000 UTC m=+0.003686152 chameleon133
ExecuteNoChannel 2024-01-07 08:39:42.837102894 +0000 UTC m=+0.004220003 chameleon661
ExecuteNoChannel 2024-01-07 08:39:42.837362137 +0000 UTC m=+0.004479195 chameleon64
ExecuteNoChannel 2024-01-07 08:39:42.836558929 +0000 UTC m=+0.003675979 chameleon611
ExecuteNoChannel 2024-01-07 08:39:42.836412155 +0000 UTC m=+0.003529204 chameleon581
ExecuteNoChannel 2024-01-07 08:39:42.837388372 +0000 UTC m=+0.004505472 chameleon664
ExecuteNoChannel 2024-01-07 08:39:42.837519772 +0000 UTC m=+0.004636876 chameleon666
ExecuteNoChannel 2024-01-07 08:39:42.837634178 +0000 UTC m=+0.004751229 chameleon640
ExecuteNoChannel 2024-01-07 08:39:42.836568512 +0000 UTC m=+0.003685592 chameleon614
ExecuteNoChannel 2024-01-07 08:39:42.837685301 +0000 UTC m=+0.004802357 chameleon1727
ExecuteNoChannel 2024-01-07 08:39:42.836599912 +0000 UTC m=+0.003716962 chameleon171
ExecuteNoChannel 2024-01-07 08:39:42.836590602 +0000 UTC m=+0.003707652 chameleon617
ExecuteNoChannel 2024-01-07 08:39:42.838604962 +0000 UTC m=+0.005722049 chameleon736
ExecuteNoChannel 2024-01-07 08:39:42.838644063 +0000 UTC m=+0.005761113 chameleon702
ExecuteNoChannel 2024-01-07 08:39:42.838666881 +0000 UTC m=+0.005783930 chameleon1303
ExecuteNoChannel 2024-01-07 08:39:42.838705648 +0000 UTC m=+0.005822724 chameleon742
ExecuteNoChannel 2024-01-07 08:39:42.838736553 +0000 UTC m=+0.005853640 chameleon750
ExecuteNoChannel 2024-01-07 08:39:42.838784335 +0000 UTC m=+0.005901384 chameleon768
ExecuteNoChannel 2024-01-07 08:39:42.836391488 +0000 UTC m=+0.003508551 chameleon578
ExecuteNoChannel 2024-01-07 08:39:42.83844983 +0000 UTC m=+0.005567003 chameleon676
ExecuteNoChannel 2024-01-07 08:39:42.838840389 +0000 UTC m=+0.005957438 chameleon783
ExecuteNoChannel 2024-01-07 08:39:42.838749642 +0000 UTC m=+0.005866690 chameleon748
ExecuteNoChannel 2024-01-07 08:39:42.838898636 +0000 UTC m=+0.006015687 chameleon416
ExecuteNoChannel 2024-01-07 08:39:42.838914203 +0000 UTC m=+0.006031249 chameleon792
ExecuteNoChannel 2024-01-07 08:39:42.83666281 +0000 UTC m=+0.003779857 chameleon646
ExecuteNoChannel 2024-01-07 08:39:42.838928741 +0000 UTC m=+0.006045790 chameleon798
ExecuteNoChannel 2024-01-07 08:39:42.836556307 +0000 UTC m=+0.003673357 chameleon398
ExecuteNoChannel 2024-01-07 08:39:42.836588705 +0000 UTC m=+0.003705811 chameleon572
ExecuteNoChannel 2024-01-07 08:39:42.836823934 +0000 UTC m=+0.003940983 chameleon654
ExecuteNoChannel 2024-01-07 08:39:42.838978981 +0000 UTC m=+0.006096187 chameleon767
ExecuteNoChannel 2024-01-07 08:39:42.839233829 +0000 UTC m=+0.006350910 chameleon801
ExecuteNoChannel 2024-01-07 08:39:42.836811492 +0000 UTC m=+0.003928541 chameleon653
ExecuteNoChannel 2024-01-07 08:39:42.83561567 +0000 UTC m=+0.002732758 chameleon41
ExecuteNoChannel 2024-01-07 08:39:42.839463675 +0000 UTC m=+0.006580757 chameleon806
ExecuteNoChannel 2024-01-07 08:39:42.839495728 +0000 UTC m=+0.006612777 chameleon1052
ExecuteNoChannel 2024-01-07 08:39:42.839532284 +0000 UTC m=+0.006649551 chameleon804
ExecuteNoChannel 2024-01-07 08:39:42.839676806 +0000 UTC m=+0.006793853 chameleon141
ExecuteNoChannel 2024-01-07 08:39:42.839677172 +0000 UTC m=+0.006794221 chameleon181
ExecuteNoChannel 2024-01-07 08:39:42.838275406 +0000 UTC m=+0.005392494 chameleon405
ExecuteNoChannel 2024-01-07 08:39:42.839670327 +0000 UTC m=+0.006787426 chameleon813
ExecuteNoChannel 2024-01-07 08:39:42.838221466 +0000 UTC m=+0.005338579 chameleon652
ExecuteNoChannel 2024-01-07 08:39:42.838055744 +0000 UTC m=+0.005172792 chameleon669
ExecuteNoChannel 2024-01-07 08:39:42.838109906 +0000 UTC m=+0.005226982 chameleon656
ExecuteNoChannel 2024-01-07 08:39:42.838070469 +0000 UTC m=+0.005187586 chameleon401
ExecuteNoChannel 2024-01-07 08:39:42.838136042 +0000 UTC m=+0.005253133 chameleon403
ExecuteNoChannel 2024-01-07 08:39:42.840143262 +0000 UTC m=+0.007260304 chameleon799
ExecuteNoChannel 2024-01-07 08:39:42.839981297 +0000 UTC m=+0.007098408 chameleon814
ExecuteNoChannel 2024-01-07 08:39:42.836549587 +0000 UTC m=+0.003666695 chameleon139
ExecuteNoChannel 2024-01-07 08:39:42.838174369 +0000 UTC m=+0.005291445 chameleon678
ExecuteNoChannel 2024-01-07 08:39:42.836412109 +0000 UTC m=+0.003529158 chameleon580
ExecuteNoChannel 2024-01-07 08:39:42.840264235 +0000 UTC m=+0.007381469 chameleon817
ExecuteNoChannel 2024-01-07 08:39:42.838072605 +0000 UTC m=+0.005189654 chameleon670
ExecuteNoChannel 2024-01-07 08:39:42.83823737 +0000 UTC m=+0.005354418 chameleon683
ExecuteNoChannel 2024-01-07 08:39:42.838123871 +0000 UTC m=+0.005240919 chameleon672
ExecuteNoChannel 2024-01-07 08:39:42.840566677 +0000 UTC m=+0.007683965 chameleon818
ExecuteNoChannel 2024-01-07 08:39:42.840746143 +0000 UTC m=+0.007863232 chameleon822
ExecuteNoChannel 2024-01-07 08:39:42.838295229 +0000 UTC m=+0.005412320 chameleon686
ExecuteNoChannel 2024-01-07 08:39:42.836617926 +0000 UTC m=+0.003734981 chameleon172
ExecuteNoChannel 2024-01-07 08:39:42.84087846 +0000 UTC m=+0.007995551 chameleon823
ExecuteNoChannel 2024-01-07 08:39:42.838086302 +0000 UTC m=+0.005203415 chameleon668
ExecuteNoChannel 2024-01-07 08:39:42.838384228 +0000 UTC m=+0.005501340 chameleon696
ExecuteNoChannel 2024-01-07 08:39:42.838446898 +0000 UTC m=+0.005563985 chameleon699
ExecuteNoChannel 2024-01-07 08:39:42.841079856 +0000 UTC m=+0.008196904 chameleon824
ExecuteNoChannel 2024-01-07 08:39:42.836525037 +0000 UTC m=+0.003642085 chameleon607
ExecuteNoChannel 2024-01-07 08:39:42.841259413 +0000 UTC m=+0.008376463 chameleon825
ExecuteNoChannel 2024-01-07 08:39:42.838461901 +0000 UTC m=+0.005578977 chameleon682
ExecuteNoChannel 2024-01-07 08:39:42.838333516 +0000 UTC m=+0.005450607 chameleon406
ExecuteNoChannel 2024-01-07 08:39:42.836418682 +0000 UTC m=+0.003535734 chameleon584
ExecuteNoChannel 2024-01-07 08:39:42.841414639 +0000 UTC m=+0.008531715 chameleon826
ExecuteNoChannel 2024-01-07 08:39:42.838477912 +0000 UTC m=+0.005595005 chameleon407
ExecuteNoChannel 2024-01-07 08:39:42.841549564 +0000 UTC m=+0.008666614 chameleon827
ExecuteNoChannel 2024-01-07 08:39:42.838532123 +0000 UTC m=+0.005649214 chameleon408
ExecuteNoChannel 2024-01-07 08:39:42.838487751 +0000 UTC m=+0.005604842 chameleon701
ExecuteNoChannel 2024-01-07 08:39:42.841686107 +0000 UTC m=+0.008803157 chameleon828
ExecuteNoChannel 2024-01-07 08:39:42.841798049 +0000 UTC m=+0.008915121 chameleon831
ExecuteNoChannel 2024-01-07 08:39:42.83852659 +0000 UTC m=+0.005643671 chameleon722
ExecuteNoChannel 2024-01-07 08:39:42.841878568 +0000 UTC m=+0.008995622 chameleon836
ExecuteNoChannel 2024-01-07 08:39:42.838487877 +0000 UTC m=+0.005604989 chameleon710
ExecuteNoChannel 2024-01-07 08:39:42.838364124 +0000 UTC m=+0.005481173 chameleon685
ExecuteNoChannel 2024-01-07 08:39:42.841988375 +0000 UTC m=+0.009105424 chameleon837
ExecuteNoChannel 2024-01-07 08:39:42.838554381 +0000 UTC m=+0.005671457 chameleon724
ExecuteNoChannel 2024-01-07 08:39:42.838335385 +0000 UTC m=+0.005452477 chameleon688
ExecuteNoChannel 2024-01-07 08:39:42.842167404 +0000 UTC m=+0.009284453 chameleon838
ExecuteNoChannel 2024-01-07 08:39:42.838566545 +0000 UTC m=+0.005683597 chameleon410
ExecuteNoChannel 2024-01-07 08:39:42.838564124 +0000 UTC m=+0.005681172 chameleon726
ExecuteNoChannel 2024-01-07 08:39:42.842341026 +0000 UTC m=+0.009458074 chameleon839
ExecuteNoChannel 2024-01-07 08:39:42.838570299 +0000 UTC m=+0.005687358 chameleon730
ExecuteNoChannel 2024-01-07 08:39:42.842437285 +0000 UTC m=+0.009554342 chameleon840
ExecuteNoChannel 2024-01-07 08:39:42.84252871 +0000 UTC m=+0.009645761 chameleon800
ExecuteNoChannel 2024-01-07 08:39:42.838550221 +0000 UTC m=+0.005667312 chameleon714
ExecuteNoChannel 2024-01-07 08:39:42.842571968 +0000 UTC m=+0.009689016 chameleon843
ExecuteNoChannel 2024-01-07 08:39:42.838653014 +0000 UTC m=+0.005770090 chameleon718
ExecuteNoChannel 2024-01-07 08:39:42.838570667 +0000 UTC m=+0.005687715 chameleon725
ExecuteNoChannel 2024-01-07 08:39:42.838452902 +0000 UTC m=+0.005569989 chameleon697
ExecuteNoChannel 2024-01-07 08:39:42.842721411 +0000 UTC m=+0.009838475 chameleon844
ExecuteNoChannel 2024-01-07 08:39:42.83661651 +0000 UTC m=+0.003733562 chameleon633
ExecuteNoChannel 2024-01-07 08:39:42.842849233 +0000 UTC m=+0.009966292 chameleon845
ExecuteNoChannel 2024-01-07 08:39:42.838586898 +0000 UTC m=+0.005703946 chameleon728
ExecuteNoChannel 2024-01-07 08:39:42.842943021 +0000 UTC m=+0.010060068 chameleon852
ExecuteNoChannel 2024-01-07 08:39:42.838770721 +0000 UTC m=+0.005887770 chameleon729
ExecuteNoChannel 2024-01-07 08:39:42.843047687 +0000 UTC m=+0.010164733 chameleon853
ExecuteNoChannel 2024-01-07 08:39:42.838801716 +0000 UTC m=+0.005918765 chameleon777
ExecuteNoChannel 2024-01-07 08:39:42.838811558 +0000 UTC m=+0.005928607 chameleon781
ExecuteNoChannel 2024-01-07 08:39:42.838847471 +0000 UTC m=+0.005964522 chameleon413
ExecuteNoChannel 2024-01-07 08:39:42.843191389 +0000 UTC m=+0.010308445 chameleon854
ExecuteNoChannel 2024-01-07 08:39:42.838680189 +0000 UTC m=+0.005797263 chameleon741
ExecuteNoChannel 2024-01-07 08:39:42.843310845 +0000 UTC m=+0.010427896 chameleon855
ExecuteNoChannel 2024-01-07 08:39:42.838700397 +0000 UTC m=+0.005817493 chameleon698
ExecuteNoChannel 2024-01-07 08:39:42.843427305 +0000 UTC m=+0.010544349 chameleon856
ExecuteNoChannel 2024-01-07 08:39:42.838706085 +0000 UTC m=+0.005823134 chameleon747
ExecuteNoChannel 2024-01-07 08:39:42.843530539 +0000 UTC m=+0.010647581 chameleon857
ExecuteNoChannel 2024-01-07 08:39:42.838751892 +0000 UTC m=+0.005868967 chameleon759
ExecuteNoChannel 2024-01-07 08:39:42.843631494 +0000 UTC m=+0.010748536 chameleon860
ExecuteNoChannel 2024-01-07 08:39:42.838634266 +0000 UTC m=+0.005751323 chameleon719
ExecuteNoChannel 2024-01-07 08:39:42.843740249 +0000 UTC m=+0.010857300 chameleon861
ExecuteNoChannel 2024-01-07 08:39:42.838589494 +0000 UTC m=+0.005706544 chameleon733
ExecuteNoChannel 2024-01-07 08:39:42.838784579 +0000 UTC m=+0.005901628 chameleon775
ExecuteNoChannel 2024-01-07 08:39:42.843855811 +0000 UTC m=+0.010972861 chameleon863
ExecuteNoChannel 2024-01-07 08:39:42.838794068 +0000 UTC m=+0.005911116 chameleon735
ExecuteNoChannel 2024-01-07 08:39:42.843987244 +0000 UTC m=+0.011104287 chameleon864
ExecuteNoChannel 2024-01-07 08:39:42.83858188 +0000 UTC m=+0.005698928 chameleon411
ExecuteNoChannel 2024-01-07 08:39:42.838821137 +0000 UTC m=+0.005938186 chameleon779
ExecuteNoChannel 2024-01-07 08:39:42.838830604 +0000 UTC m=+0.005947656 chameleon412
ExecuteNoChannel 2024-01-07 08:39:42.838846748 +0000 UTC m=+0.005963797 chameleon786
ExecuteNoChannel 2024-01-07 08:39:42.838777092 +0000 UTC m=+0.005894140 chameleon761
ExecuteNoChannel 2024-01-07 08:39:42.844151414 +0000 UTC m=+0.011268467 chameleon868
ExecuteNoChannel 2024-01-07 08:39:42.844260392 +0000 UTC m=+0.011377436 chameleon869
ExecuteNoChannel 2024-01-07 08:39:42.844333356 +0000 UTC m=+0.011450401 chameleon876
ExecuteNoChannel 2024-01-07 08:39:42.838915969 +0000 UTC m=+0.006033018 chameleon788
ExecuteNoChannel 2024-01-07 08:39:42.84437477 +0000 UTC m=+0.011491816 chameleon875
ExecuteNoChannel 2024-01-07 08:39:42.838900095 +0000 UTC m=+0.006017141 chameleon763
ExecuteNoChannel 2024-01-07 08:39:42.844479406 +0000 UTC m=+0.011596459 chameleon878
ExecuteNoChannel 2024-01-07 08:39:42.838245788 +0000 UTC m=+0.005362864 chameleon681
ExecuteNoChannel 2024-01-07 08:39:42.839432131 +0000 UTC m=+0.006549180 chameleon805
ExecuteNoChannel 2024-01-07 08:39:42.844562383 +0000 UTC m=+0.011679425 chameleon879
ExecuteNoChannel 2024-01-07 08:39:42.839647873 +0000 UTC m=+0.006764922 chameleon177
ExecuteNoChannel 2024-01-07 08:39:42.844833085 +0000 UTC m=+0.011950141 chameleon882
ExecuteNoChannel 2024-01-07 08:39:42.844883576 +0000 UTC m=+0.012000618 chameleon885
ExecuteNoChannel 2024-01-07 08:39:42.838573282 +0000 UTC m=+0.005690373 chameleon689
ExecuteNoChannel 2024-01-07 08:39:42.844935276 +0000 UTC m=+0.012052323 chameleon883
ExecuteNoChannel 2024-01-07 08:39:42.839629985 +0000 UTC m=+0.006747033 chameleon175
ExecuteNoChannel 2024-01-07 08:39:42.845085922 +0000 UTC m=+0.012202966 chameleon890
ExecuteNoChannel 2024-01-07 08:39:42.837820038 +0000 UTC m=+0.004937154 chameleon667
ExecuteNoChannel 2024-01-07 08:39:42.845120046 +0000 UTC m=+0.012237089 chameleon889
ExecuteNoChannel 2024-01-07 08:39:42.839662735 +0000 UTC m=+0.006779783 chameleon178
ExecuteNoChannel 2024-01-07 08:39:42.845220953 +0000 UTC m=+0.012338001 chameleon893
ExecuteNoChannel 2024-01-07 08:39:42.84528405 +0000 UTC m=+0.012401093 chameleon749
ExecuteNoChannel 2024-01-07 08:39:42.845360765 +0000 UTC m=+0.012477819 chameleon737
ExecuteNoChannel 2024-01-07 08:39:42.845326834 +0000 UTC m=+0.012443880 chameleon896
ExecuteNoChannel 2024-01-07 08:39:42.845409283 +0000 UTC m=+0.012526326 chameleon897
ExecuteNoChannel 2024-01-07 08:39:42.845422452 +0000 UTC m=+0.012539511 chameleon751
ExecuteNoChannel 2024-01-07 08:39:42.845507396 +0000 UTC m=+0.012624439 chameleon745
ExecuteNoChannel 2024-01-07 08:39:42.8455779 +0000 UTC m=+0.012694942 chameleon784
ExecuteNoChannel 2024-01-07 08:39:42.845515637 +0000 UTC m=+0.012632679 chameleon902
ExecuteNoChannel 2024-01-07 08:39:42.845622972 +0000 UTC m=+0.012740014 chameleon903
ExecuteNoChannel 2024-01-07 08:39:42.84569 +0000 UTC m=+0.012807043 chameleon771
ExecuteNoChannel 2024-01-07 08:39:42.838859085 +0000 UTC m=+0.005976134 chameleon787
ExecuteNoChannel 2024-01-07 08:39:42.838333705 +0000 UTC m=+0.005450754 chameleon684
ExecuteNoChannel 2024-01-07 08:39:42.845768748 +0000 UTC m=+0.012885793 chameleon905
ExecuteNoChannel 2024-01-07 08:39:42.845882247 +0000 UTC m=+0.012999291 chameleon906
ExecuteNoChannel 2024-01-07 08:39:42.845938305 +0000 UTC m=+0.013055347 chameleon1304
ExecuteNoChannel 2024-01-07 08:39:42.845981075 +0000 UTC m=+0.013098120 chameleon795
ExecuteNoChannel 2024-01-07 08:39:42.845978089 +0000 UTC m=+0.013095135 chameleon907
ExecuteNoChannel 2024-01-07 08:39:42.846071957 +0000 UTC m=+0.013189002 chameleon637
ExecuteNoChannel 2024-01-07 08:39:42.846123899 +0000 UTC m=+0.013240953 chameleon65
ExecuteNoChannel 2024-01-07 08:39:42.846071422 +0000 UTC m=+0.013188465 chameleon908
ExecuteNoChannel 2024-01-07 08:39:42.846201257 +0000 UTC m=+0.013318306 chameleon809
ExecuteNoChannel 2024-01-07 08:39:42.846183721 +0000 UTC m=+0.013300764 chameleon910
ExecuteNoChannel 2024-01-07 08:39:42.846335941 +0000 UTC m=+0.013452986 chameleon877
ExecuteNoChannel 2024-01-07 08:39:42.846359155 +0000 UTC m=+0.013476198 chameleon916
ExecuteNoChannel 2024-01-07 08:39:42.84637327 +0000 UTC m=+0.013490316 chameleon920
ExecuteNoChannel 2024-01-07 08:39:42.846390281 +0000 UTC m=+0.013507327 chameleon886
ExecuteNoChannel 2024-01-07 08:39:42.846391851 +0000 UTC m=+0.013508895 chameleon913
ExecuteNoChannel 2024-01-07 08:39:42.846449663 +0000 UTC m=+0.013566706 chameleon892
ExecuteNoChannel 2024-01-07 08:39:42.846492083 +0000 UTC m=+0.013609128 chameleon921
ExecuteNoChannel 2024-01-07 08:39:42.845027075 +0000 UTC m=+0.012144117 chameleon888
ExecuteNoChannel 2024-01-07 08:39:42.84657735 +0000 UTC m=+0.013694397 chameleon922
ExecuteNoChannel 2024-01-07 08:39:42.846664859 +0000 UTC m=+0.013781905 chameleon924
ExecuteNoChannel 2024-01-07 08:39:42.846676154 +0000 UTC m=+0.013793196 chameleon142
ExecuteNoChannel 2024-01-07 08:39:42.846755456 +0000 UTC m=+0.013872499 chameleon419
ExecuteNoChannel 2024-01-07 08:39:42.846815327 +0000 UTC m=+0.013932370 chameleon740
ExecuteNoChannel 2024-01-07 08:39:42.846808712 +0000 UTC m=+0.013925757 chameleon925
ExecuteNoChannel 2024-01-07 08:39:42.846916275 +0000 UTC m=+0.014033318 chameleon753
ExecuteNoChannel 2024-01-07 08:39:42.846884389 +0000 UTC m=+0.014001434 chameleon929
ExecuteNoChannel 2024-01-07 08:39:42.846996626 +0000 UTC m=+0.014113668 chameleon772
ExecuteNoChannel 2024-01-07 08:39:42.846360046 +0000 UTC m=+0.013477093 chameleon919
ExecuteNoChannel 2024-01-07 08:39:42.847045073 +0000 UTC m=+0.014162126 chameleon931
ExecuteNoChannel 2024-01-07 08:39:42.847115028 +0000 UTC m=+0.014232074 chameleon932
ExecuteNoChannel 2024-01-07 08:39:42.84719839 +0000 UTC m=+0.014315433 chameleon1306
ExecuteNoChannel 2024-01-07 08:39:42.847274665 +0000 UTC m=+0.014391707 chameleon796
ExecuteNoChannel 2024-01-07 08:39:42.847217545 +0000 UTC m=+0.014334588 chameleon936
ExecuteNoChannel 2024-01-07 08:39:42.847354664 +0000 UTC m=+0.014471743 chameleon66
ExecuteNoChannel 2024-01-07 08:39:42.847420315 +0000 UTC m=+0.014537358 chameleon939
ExecuteNoChannel 2024-01-07 08:39:42.847412387 +0000 UTC m=+0.014529443 chameleon810
ExecuteNoChannel 2024-01-07 08:39:42.847482762 +0000 UTC m=+0.014599843 chameleon812
ExecuteNoChannel 2024-01-07 08:39:42.847461006 +0000 UTC m=+0.014578064 chameleon938
ExecuteNoChannel 2024-01-07 08:39:42.846310854 +0000 UTC m=+0.013427902 chameleon912
ExecuteNoChannel 2024-01-07 08:39:42.84757263 +0000 UTC m=+0.014689673 chameleon942
ExecuteNoChannel 2024-01-07 08:39:42.84769283 +0000 UTC m=+0.014809883 chameleon943
ExecuteNoChannel 2024-01-07 08:39:42.847757055 +0000 UTC m=+0.014874229 chameleon182
ExecuteNoChannel 2024-01-07 08:39:42.847787623 +0000 UTC m=+0.014904665 chameleon945
ExecuteNoChannel 2024-01-07 08:39:42.847883269 +0000 UTC m=+0.015000481 chameleon143
ExecuteNoChannel 2024-01-07 08:39:42.847941138 +0000 UTC m=+0.015058250 chameleon421
ExecuteNoChannel 2024-01-07 08:39:42.848015472 +0000 UTC m=+0.015132584 chameleon917
ExecuteNoChannel 2024-01-07 08:39:42.848011244 +0000 UTC m=+0.015128291 chameleon947
ExecuteNoChannel 2024-01-07 08:39:42.848091077 +0000 UTC m=+0.015208250 chameleon940
ExecuteNoChannel 2024-01-07 08:39:42.847345123 +0000 UTC m=+0.014462165 chameleon937
ExecuteNoChannel 2024-01-07 08:39:42.84818958 +0000 UTC m=+0.015306624 chameleon950
ExecuteNoChannel 2024-01-07 08:39:42.848325732 +0000 UTC m=+0.015442818 chameleon1311
ExecuteNoChannel 2024-01-07 08:39:42.848371665 +0000 UTC m=+0.015488711 chameleon952
ExecuteNoChannel 2024-01-07 08:39:42.84848401 +0000 UTC m=+0.015601055 chameleon953
ExecuteNoChannel 2024-01-07 08:39:42.848667708 +0000 UTC m=+0.015784820 chameleon144
ExecuteNoChannel 2024-01-07 08:39:42.848751514 +0000 UTC m=+0.015868605 chameleon184
ExecuteNoChannel 2024-01-07 08:39:42.848833174 +0000 UTC m=+0.015950241 chameleon67
ExecuteNoChannel 2024-01-07 08:39:42.848701148 +0000 UTC m=+0.015818320 chameleon422
ExecuteNoChannel 2024-01-07 08:39:42.848607088 +0000 UTC m=+0.015724130 chameleon954
ExecuteNoChannel 2024-01-07 08:39:42.848257237 +0000 UTC m=+0.015374440 chameleon1308
ExecuteNoChannel 2024-01-07 08:39:42.848787957 +0000 UTC m=+0.015905008 chameleon955
ExecuteNoChannel 2024-01-07 08:39:42.848955032 +0000 UTC m=+0.016072078 chameleon956
ExecuteNoChannel 2024-01-07 08:39:42.849031519 +0000 UTC m=+0.016148572 chameleon1313
ExecuteNoChannel 2024-01-07 08:39:42.84905895 +0000 UTC m=+0.016175996 chameleon959
ExecuteNoChannel 2024-01-07 08:39:42.849190993 +0000 UTC m=+0.016308040 chameleon185
ExecuteNoChannel 2024-01-07 08:39:42.849150082 +0000 UTC m=+0.016267124 chameleon966
ExecuteNoChannel 2024-01-07 08:39:42.849261911 +0000 UTC m=+0.016378958 chameleon969
ExecuteNoChannel 2024-01-07 08:39:42.849349744 +0000 UTC m=+0.016466798 chameleon70
ExecuteNoChannel 2024-01-07 08:39:42.848519998 +0000 UTC m=+0.015637110 chameleon183
ExecuteNoChannel 2024-01-07 08:39:42.849378701 +0000 UTC m=+0.016495745 chameleon971
ExecuteNoChannel 2024-01-07 08:39:42.849444667 +0000 UTC m=+0.016561740 chameleon423
ExecuteNoChannel 2024-01-07 08:39:42.849486382 +0000 UTC m=+0.016603425 chameleon972
ExecuteNoChannel 2024-01-07 08:39:42.849307008 +0000 UTC m=+0.016424063 chameleon69
ExecuteNoChannel 2024-01-07 08:39:42.849581269 +0000 UTC m=+0.016698315 chameleon973
ExecuteNoChannel 2024-01-07 08:39:42.849681667 +0000 UTC m=+0.016798708 chameleon974
ExecuteNoChannel 2024-01-07 08:39:42.849746309 +0000 UTC m=+0.016863358 chameleon1314
ExecuteNoChannel 2024-01-07 08:39:42.849789473 +0000 UTC m=+0.016906522 chameleon186
ExecuteNoChannel 2024-01-07 08:39:42.84985673 +0000 UTC m=+0.016973790 chameleon71
ExecuteNoChannel 2024-01-07 08:39:42.835735773 +0000 UTC m=+0.002852825 chameleon115
ExecuteNoChannel 2024-01-07 08:39:42.84978452 +0000 UTC m=+0.016901566 chameleon975
ExecuteNoChannel 2024-01-07 08:39:42.849902022 +0000 UTC m=+0.017019066 chameleon976
ExecuteNoChannel 2024-01-07 08:39:42.849982879 +0000 UTC m=+0.017099923 chameleon977
ExecuteNoChannel 2024-01-07 08:39:42.850101708 +0000 UTC m=+0.017218758 chameleon424
ExecuteNoChannel 2024-01-07 08:39:42.85010947 +0000 UTC m=+0.017226514 chameleon979
ExecuteNoChannel 2024-01-07 08:39:42.850203452 +0000 UTC m=+0.017320502 chameleon987
ExecuteNoChannel 2024-01-07 08:39:42.850235149 +0000 UTC m=+0.017352191 chameleon986
ExecuteNoChannel 2024-01-07 08:39:42.850356334 +0000 UTC m=+0.017473382 chameleon995
ExecuteNoChannel 2024-01-07 08:39:42.850346661 +0000 UTC m=+0.017463710 chameleon994
ExecuteNoChannel 2024-01-07 08:39:42.850350084 +0000 UTC m=+0.017467129 chameleon991
ExecuteNoChannel 2024-01-07 08:39:42.850510747 +0000 UTC m=+0.017627795 chameleon1317
ExecuteNoChannel 2024-01-07 08:39:42.850467589 +0000 UTC m=+0.017584636 chameleon998
ExecuteNoChannel 2024-01-07 08:39:42.850566317 +0000 UTC m=+0.017683374 chameleon187
ExecuteNoChannel 2024-01-07 08:39:42.850617209 +0000 UTC m=+0.017734257 chameleon73
ExecuteNoChannel 2024-01-07 08:39:42.850568034 +0000 UTC m=+0.017685081 chameleon1002
ExecuteNoChannel 2024-01-07 08:39:42.850789595 +0000 UTC m=+0.017906644 chameleon425
ExecuteNoChannel 2024-01-07 08:39:42.850724049 +0000 UTC m=+0.017841091 chameleon1003
ExecuteNoChannel 2024-01-07 08:39:42.850262682 +0000 UTC m=+0.017379741 chameleon990
ExecuteNoChannel 2024-01-07 08:39:42.850927809 +0000 UTC m=+0.018044901 chameleon1006
ExecuteNoChannel 2024-01-07 08:39:42.850890729 +0000 UTC m=+0.018007771 chameleon1005
ExecuteNoChannel 2024-01-07 08:39:42.851010091 +0000 UTC m=+0.018127178 chameleon997
ExecuteNoChannel 2024-01-07 08:39:42.850474445 +0000 UTC m=+0.017591493 chameleon1315
ExecuteNoChannel 2024-01-07 08:39:42.851096069 +0000 UTC m=+0.018213111 chameleon1012
ExecuteNoChannel 2024-01-07 08:39:42.851170205 +0000 UTC m=+0.018287294 chameleon1013
ExecuteNoChannel 2024-01-07 08:39:42.851220568 +0000 UTC m=+0.018337610 chameleon1022
ExecuteNoChannel 2024-01-07 08:39:42.851264529 +0000 UTC m=+0.018381573 chameleon1021
ExecuteNoChannel 2024-01-07 08:39:42.851408333 +0000 UTC m=+0.018525419 chameleon1318
ExecuteNoChannel 2024-01-07 08:39:42.851458141 +0000 UTC m=+0.018575184 chameleon192
ExecuteNoChannel 2024-01-07 08:39:42.851437858 +0000 UTC m=+0.018554901 chameleon1028
ExecuteNoChannel 2024-01-07 08:39:42.851504851 +0000 UTC m=+0.018621893 chameleon74
ExecuteNoChannel 2024-01-07 08:39:42.851541696 +0000 UTC m=+0.018658742 chameleon1033
ExecuteNoChannel 2024-01-07 08:39:42.851695378 +0000 UTC m=+0.018812420 chameleon426
ExecuteNoChannel 2024-01-07 08:39:42.851629945 +0000 UTC m=+0.018746991 chameleon1035
ExecuteNoChannel 2024-01-07 08:39:42.851760629 +0000 UTC m=+0.018877675 chameleon1007
ExecuteNoChannel 2024-01-07 08:39:42.850861193 +0000 UTC m=+0.017978367 chameleon989
ExecuteNoChannel 2024-01-07 08:39:42.851795302 +0000 UTC m=+0.018912347 chameleon1038
ExecuteNoChannel 2024-01-07 08:39:42.851864868 +0000 UTC m=+0.018981909 chameleon1019
ExecuteNoChannel 2024-01-07 08:39:42.851981704 +0000 UTC m=+0.019098747 chameleon1023
ExecuteNoChannel 2024-01-07 08:39:42.851114448 +0000 UTC m=+0.018231491 chameleon1011
ExecuteNoChannel 2024-01-07 08:39:42.851941141 +0000 UTC m=+0.019058187 chameleon1039
ExecuteNoChannel 2024-01-07 08:39:42.852091325 +0000 UTC m=+0.019208368 chameleon1041
ExecuteNoChannel 2024-01-07 08:39:42.852179264 +0000 UTC m=+0.019296307 chameleon1324
ExecuteNoChannel 2024-01-07 08:39:42.852244144 +0000 UTC m=+0.019361187 chameleon193
ExecuteNoChannel 2024-01-07 08:39:42.85217551 +0000 UTC m=+0.019292552 chameleon1042
ExecuteNoChannel 2024-01-07 08:39:42.852305246 +0000 UTC m=+0.019422288 chameleon78
ExecuteNoChannel 2024-01-07 08:39:42.852362549 +0000 UTC m=+0.019479592 chameleon1046
ExecuteNoChannel 2024-01-07 08:39:42.852283172 +0000 UTC m=+0.019400215 chameleon1043
ExecuteNoChannel 2024-01-07 08:39:42.852321968 +0000 UTC m=+0.019439011 chameleon1045
ExecuteNoChannel 2024-01-07 08:39:42.85244433 +0000 UTC m=+0.019561372 chameleon1050
ExecuteNoChannel 2024-01-07 08:39:42.852496805 +0000 UTC m=+0.019613847 chameleon1053
ExecuteNoChannel 2024-01-07 08:39:42.852558617 +0000 UTC m=+0.019675659 chameleon1060
ExecuteNoChannel 2024-01-07 08:39:42.852605625 +0000 UTC m=+0.019722668 chameleon1063
ExecuteNoChannel 2024-01-07 08:39:42.852673107 +0000 UTC m=+0.019790149 chameleon1065
ExecuteNoChannel 2024-01-07 08:39:42.852728696 +0000 UTC m=+0.019845738 chameleon1069
ExecuteNoChannel 2024-01-07 08:39:42.852775455 +0000 UTC m=+0.019892498 chameleon1070
ExecuteNoChannel 2024-01-07 08:39:42.852833701 +0000 UTC m=+0.019950744 chameleon1078
ExecuteNoChannel 2024-01-07 08:39:42.852885601 +0000 UTC m=+0.020002644 chameleon1080
ExecuteNoChannel 2024-01-07 08:39:42.85292906 +0000 UTC m=+0.020046104 chameleon1082
ExecuteNoChannel 2024-01-07 08:39:42.852978734 +0000 UTC m=+0.020095778 chameleon1084
ExecuteNoChannel 2024-01-07 08:39:42.853035713 +0000 UTC m=+0.020152756 chameleon1085
ExecuteNoChannel 2024-01-07 08:39:42.853099912 +0000 UTC m=+0.020216955 chameleon1086
ExecuteNoChannel 2024-01-07 08:39:42.853150737 +0000 UTC m=+0.020267780 chameleon1087
ExecuteNoChannel 2024-01-07 08:39:42.853222372 +0000 UTC m=+0.020339414 chameleon1088
ExecuteNoChannel 2024-01-07 08:39:42.853270297 +0000 UTC m=+0.020387342 chameleon1089
ExecuteNoChannel 2024-01-07 08:39:42.853323113 +0000 UTC m=+0.020440155 chameleon1091
ExecuteNoChannel 2024-01-07 08:39:42.853376174 +0000 UTC m=+0.020493216 chameleon1100
ExecuteNoChannel 2024-01-07 08:39:42.853416481 +0000 UTC m=+0.020533523 chameleon1101
ExecuteNoChannel 2024-01-07 08:39:42.853465776 +0000 UTC m=+0.020582819 chameleon1102
ExecuteNoChannel 2024-01-07 08:39:42.853506592 +0000 UTC m=+0.020623635 chameleon1104
ExecuteNoChannel 2024-01-07 08:39:42.853554521 +0000 UTC m=+0.020671563 chameleon1105
ExecuteNoChannel 2024-01-07 08:39:42.853594431 +0000 UTC m=+0.020711474 chameleon1106
ExecuteNoChannel 2024-01-07 08:39:42.853645392 +0000 UTC m=+0.020762435 chameleon1107
ExecuteNoChannel 2024-01-07 08:39:42.853704153 +0000 UTC m=+0.020821196 chameleon1108
ExecuteNoChannel 2024-01-07 08:39:42.85376512 +0000 UTC m=+0.020882164 chameleon1110
ExecuteNoChannel 2024-01-07 08:39:42.853815622 +0000 UTC m=+0.020932664 chameleon1111
ExecuteNoChannel 2024-01-07 08:39:42.853867045 +0000 UTC m=+0.020984087 chameleon1113
ExecuteNoChannel 2024-01-07 08:39:42.853912432 +0000 UTC m=+0.021029475 chameleon1116
ExecuteNoChannel 2024-01-07 08:39:42.853955274 +0000 UTC m=+0.021072316 chameleon1117
ExecuteNoChannel 2024-01-07 08:39:42.854004913 +0000 UTC m=+0.021121956 chameleon1119
ExecuteNoChannel 2024-01-07 08:39:42.854054167 +0000 UTC m=+0.021171210 chameleon1122
ExecuteNoChannel 2024-01-07 08:39:42.854113162 +0000 UTC m=+0.021230204 chameleon1125
ExecuteNoChannel 2024-01-07 08:39:42.854167985 +0000 UTC m=+0.021285029 chameleon1127
ExecuteNoChannel 2024-01-07 08:39:42.854208511 +0000 UTC m=+0.021325553 chameleon1128
ExecuteNoChannel 2024-01-07 08:39:42.854255991 +0000 UTC m=+0.021373034 chameleon1129
ExecuteNoChannel 2024-01-07 08:39:42.85430114 +0000 UTC m=+0.021418185 chameleon1131
ExecuteNoChannel 2024-01-07 08:39:42.854342935 +0000 UTC m=+0.021459978 chameleon1134
ExecuteNoChannel 2024-01-07 08:39:42.854396764 +0000 UTC m=+0.021513806 chameleon1135
ExecuteNoChannel 2024-01-07 08:39:42.854462425 +0000 UTC m=+0.021579467 chameleon1136
ExecuteNoChannel 2024-01-07 08:39:42.854505796 +0000 UTC m=+0.021622838 chameleon1137
ExecuteNoChannel 2024-01-07 08:39:42.854577987 +0000 UTC m=+0.021695032 chameleon1140
ExecuteNoChannel 2024-01-07 08:39:42.85463893 +0000 UTC m=+0.021755972 chameleon1141
ExecuteNoChannel 2024-01-07 08:39:42.854689127 +0000 UTC m=+0.021806170 chameleon1142
ExecuteNoChannel 2024-01-07 08:39:42.854746609 +0000 UTC m=+0.021863661 chameleon1145
ExecuteNoChannel 2024-01-07 08:39:42.854800921 +0000 UTC m=+0.021917966 chameleon1147
ExecuteNoChannel 2024-01-07 08:39:42.854840423 +0000 UTC m=+0.021957466 chameleon1150
ExecuteNoChannel 2024-01-07 08:39:42.854898115 +0000 UTC m=+0.022015157 chameleon1152
ExecuteNoChannel 2024-01-07 08:39:42.854943366 +0000 UTC m=+0.022060410 chameleon1153
ExecuteNoChannel 2024-01-07 08:39:42.85500756 +0000 UTC m=+0.022124602 chameleon1155
ExecuteNoChannel 2024-01-07 08:39:42.855051684 +0000 UTC m=+0.022168726 chameleon1156
ExecuteNoChannel 2024-01-07 08:39:42.855101592 +0000 UTC m=+0.022218637 chameleon1158
ExecuteNoChannel 2024-01-07 08:39:42.855151495 +0000 UTC m=+0.022268545 chameleon1166
ExecuteNoChannel 2024-01-07 08:39:42.855218403 +0000 UTC m=+0.022335447 chameleon1167
ExecuteNoChannel 2024-01-07 08:39:42.855274314 +0000 UTC m=+0.022391359 chameleon1168
ExecuteNoChannel 2024-01-07 08:39:42.855329283 +0000 UTC m=+0.022446326 chameleon1169
ExecuteNoChannel 2024-01-07 08:39:42.855375878 +0000 UTC m=+0.022492922 chameleon1171
ExecuteNoChannel 2024-01-07 08:39:42.855423137 +0000 UTC m=+0.022540180 chameleon1173
ExecuteNoChannel 2024-01-07 08:39:42.855485401 +0000 UTC m=+0.022602445 chameleon1174
ExecuteNoChannel 2024-01-07 08:39:42.855526135 +0000 UTC m=+0.022643177 chameleon1175
ExecuteNoChannel 2024-01-07 08:39:42.855590224 +0000 UTC m=+0.022707266 chameleon1177
ExecuteNoChannel 2024-01-07 08:39:42.855646431 +0000 UTC m=+0.022763474 chameleon1178
ExecuteNoChannel 2024-01-07 08:39:42.855679761 +0000 UTC m=+0.022796803 chameleon1180
ExecuteNoChannel 2024-01-07 08:39:42.855745361 +0000 UTC m=+0.022862404 chameleon1181
ExecuteNoChannel 2024-01-07 08:39:42.855791987 +0000 UTC m=+0.022909030 chameleon1182
ExecuteNoChannel 2024-01-07 08:39:42.855836553 +0000 UTC m=+0.022953595 chameleon1185
ExecuteNoChannel 2024-01-07 08:39:42.855882787 +0000 UTC m=+0.022999831 chameleon1187
ExecuteNoChannel 2024-01-07 08:39:42.855945907 +0000 UTC m=+0.023062950 chameleon1189
ExecuteNoChannel 2024-01-07 08:39:42.856006824 +0000 UTC m=+0.023123869 chameleon1190
ExecuteNoChannel 2024-01-07 08:39:42.856073028 +0000 UTC m=+0.023190070 chameleon1191
ExecuteNoChannel 2024-01-07 08:39:42.85613895 +0000 UTC m=+0.023255993 chameleon1192
ExecuteNoChannel 2024-01-07 08:39:42.856186297 +0000 UTC m=+0.023303339 chameleon1195
ExecuteNoChannel 2024-01-07 08:39:42.856227613 +0000 UTC m=+0.023344655 chameleon1196
ExecuteNoChannel 2024-01-07 08:39:42.856286533 +0000 UTC m=+0.023403575 chameleon1197
ExecuteNoChannel 2024-01-07 08:39:42.856320675 +0000 UTC m=+0.023437718 chameleon1198
ExecuteNoChannel 2024-01-07 08:39:42.856385758 +0000 UTC m=+0.023502801 chameleon1199
ExecuteNoChannel 2024-01-07 08:39:42.856416764 +0000 UTC m=+0.023533807 chameleon1202
ExecuteNoChannel 2024-01-07 08:39:42.856556891 +0000 UTC m=+0.023673933 chameleon1203
ExecuteNoChannel 2024-01-07 08:39:42.856594545 +0000 UTC m=+0.023711587 chameleon1207
ExecuteNoChannel 2024-01-07 08:39:42.856658735 +0000 UTC m=+0.023775780 chameleon1210
ExecuteNoChannel 2024-01-07 08:39:42.856698728 +0000 UTC m=+0.023815773 chameleon1213
ExecuteNoChannel 2024-01-07 08:39:42.856758885 +0000 UTC m=+0.023875927 chameleon427
ExecuteNoChannel 2024-01-07 08:39:42.856814328 +0000 UTC m=+0.023931370 chameleon1216
ExecuteNoChannel 2024-01-07 08:39:42.856894241 +0000 UTC m=+0.024011284 chameleon1217
ExecuteNoChannel 2024-01-07 08:39:42.856945994 +0000 UTC m=+0.024063036 chameleon1218
