logs cpu 0
logs cpu 0
Execute 2023-12-20 08:28:30.146728313 +0000 UTC m=+0.001134995 fib2
Execute 2023-12-20 08:28:30.146972283 +0000 UTC m=+0.001378965 fib8
Execute 2023-12-20 08:28:30.147000966 +0000 UTC m=+0.001407686 fib14
Execute 2023-12-20 08:28:30.147115095 +0000 UTC m=+0.001521776 fib12
Execute 2023-12-20 08:28:30.146958384 +0000 UTC m=+0.001365201 fib4
Execute 2023-12-20 08:28:30.147187679 +0000 UTC m=+0.001594360 fib22
Execute 2023-12-20 08:28:30.147248827 +0000 UTC m=+0.001655508 fib20
Execute 2023-12-20 08:28:30.147174942 +0000 UTC m=+0.001581688 fib16
Execute 2023-12-20 08:28:30.147295008 +0000 UTC m=+0.001701690 fib50
Execute 2023-12-20 08:28:30.147344987 +0000 UTC m=+0.001751669 fib38
Execute 2023-12-20 08:28:30.147336704 +0000 UTC m=+0.001743424 fib24
Execute 2023-12-20 08:28:30.147382746 +0000 UTC m=+0.001789428 fib28
Execute 2023-12-20 08:28:30.146844254 +0000 UTC m=+0.001250936 fib6
Execute 2023-12-20 08:28:30.147435939 +0000 UTC m=+0.001842620 fib30
Execute 2023-12-20 08:28:30.147172944 +0000 UTC m=+0.001579628 fib18
Execute 2023-12-20 08:28:30.147460076 +0000 UTC m=+0.001866759 fib40
Execute 2023-12-20 08:28:30.146912775 +0000 UTC m=+0.001319456 fib26
Execute 2023-12-20 08:28:30.147497271 +0000 UTC m=+0.001903953 fib42
Execute 2023-12-20 08:28:30.14748327 +0000 UTC m=+0.001889951 fib32
Execute 2023-12-20 08:28:30.146931403 +0000 UTC m=+0.001338086 fib10
Execute 2023-12-20 08:28:30.147521606 +0000 UTC m=+0.001928288 fib34
Execute 2023-12-20 08:28:30.147528421 +0000 UTC m=+0.001935103 fib46
Execute 2023-12-20 08:28:30.147559812 +0000 UTC m=+0.001966497 fib44
Execute 2023-12-20 08:28:30.147522858 +0000 UTC m=+0.001929539 fib36
Execute 2023-12-20 08:28:30.147648073 +0000 UTC m=+0.002054754 fib48
logs q1 Time start 2023-12-20 08:28:30.148058263 +0000 UTC m=+0.002464945 fib2
logs q1 Time start 2023-12-20 08:28:30.190711084 +0000 UTC m=+0.045117765 fib8
cmd.Wait 2023-12-20 08:28:30.206126969 +0000 UTC m=+0.060533664 fib8
fib8 59
logs q1 Time start 2023-12-20 08:28:30.206166259 +0000 UTC m=+0.060572941 fib22
cmd.Wait 2023-12-20 08:28:30.235788327 +0000 UTC m=+0.090195008 fib22
fib22 88
logs q1 Time start 2023-12-20 08:28:30.237642534 +0000 UTC m=+0.092049220 fib12
logs q1 Time start 2023-12-20 08:28:30.237666511 +0000 UTC m=+0.092073197 fib36
logs q1 Time start 2023-12-20 08:28:30.237674133 +0000 UTC m=+0.092080821 fib48
logs q1 Time start 2023-12-20 08:28:30.237684094 +0000 UTC m=+0.092090775 fib14
logs q1 Time start 2023-12-20 08:28:30.237695171 +0000 UTC m=+0.092101852 fib50
logs q1 Time start 2023-12-20 08:28:30.237711369 +0000 UTC m=+0.092118089 fib4
logs q1 Time start 2023-12-20 08:28:30.237741314 +0000 UTC m=+0.092148035 fib38
logs q1 Time start 2023-12-20 08:28:30.23793638 +0000 UTC m=+0.092343101 fib16
logs q1 Time start 2023-12-20 08:28:30.237986458 +0000 UTC m=+0.092393141 fib28
logs q1 Time start 2023-12-20 08:28:30.238186109 +0000 UTC m=+0.092592788 fib24
logs q1 Time start 2023-12-20 08:28:30.238214825 +0000 UTC m=+0.092621500 fib30
logs q1 Time start 2023-12-20 08:28:30.238444239 +0000 UTC m=+0.092850918 fib6
logs q1 Time start 2023-12-20 08:28:30.238467416 +0000 UTC m=+0.092874096 fib40
logs q1 Time start 2023-12-20 08:28:30.238810051 +0000 UTC m=+0.093216786 fib18
logs q1 Time start 2023-12-20 08:28:30.238954428 +0000 UTC m=+0.093361148 fib26
logs q1 Time start 2023-12-20 08:28:30.239260875 +0000 UTC m=+0.093667556 fib32
logs q1 Time start 2023-12-20 08:28:30.239309459 +0000 UTC m=+0.093716141 fib42
logs q1 Time start 2023-12-20 08:28:30.239434354 +0000 UTC m=+0.093841058 fib34
logs q1 Time start 2023-12-20 08:28:30.239495577 +0000 UTC m=+0.093902281 fib46
logs q1 Time start 2023-12-20 08:28:30.239628669 +0000 UTC m=+0.094035356 fib10
logs q1 Time start 2023-12-20 08:28:30.239676521 +0000 UTC m=+0.094083203 fib44
logs q1 Time start 2023-12-20 08:28:30.239901036 +0000 UTC m=+0.094307756 fib20
logs q1 Time start 2023-12-20 08:28:30.241160203 +0000 UTC m=+0.095566924 fib
cmd.Wait 2023-12-20 08:28:30.257131175 +0000 UTC m=+0.111537856 fib4
fib4 110
cmd.Wait 2023-12-20 08:28:30.265498792 +0000 UTC m=+0.119905495 fib12
logs q1 Time start 2023-12-20 08:28:30.266447696 +0000 UTC m=+0.120854377 fib
cmd.Wait 2023-12-20 08:28:30.284412046 +0000 UTC m=+0.138818852 fib6
logs q1 Time start 2023-12-20 08:28:30.291724437 +0000 UTC m=+0.146131118 fib4
fib6 137
fib12 118
logs q1 Time start 2023-12-20 08:28:30.29332495 +0000 UTC m=+0.147731632 fib
cmd.Wait 2023-12-20 08:28:30.311265173 +0000 UTC m=+0.165671856 fib14
fib14 164
logs q1 Time start 2023-12-20 08:28:30.318654686 +0000 UTC m=+0.173061367 fib
logs q1 Time start 2023-12-20 08:28:30.346674691 +0000 UTC m=+0.201081385 fib14
logs q1 Time start 2023-12-20 08:28:30.348350149 +0000 UTC m=+0.202756841 fib
cmd.Wait 2023-12-20 08:28:30.363683192 +0000 UTC m=+0.218089912 fib18
fib18 216
logs q1 Time start 2023-12-20 08:28:30.373316715 +0000 UTC m=+0.227723391 fib
logs q1 Time start 2023-12-20 08:28:30.398460385 +0000 UTC m=+0.252867060 fib18
logs q1 Time start 2023-12-20 08:28:30.400040387 +0000 UTC m=+0.254447062 fib
logs q1 Time start 2023-12-20 08:28:30.425095835 +0000 UTC m=+0.279502510 fib
logs q1 Time start 2023-12-20 08:28:30.450177868 +0000 UTC m=+0.304584544 fib
cmd.Wait 2023-12-20 08:28:30.468027735 +0000 UTC m=+0.322434455 fib30
fib30 320
logs q1 Time start 2023-12-20 08:28:30.474412127 +0000 UTC m=+0.328818802 fib
logs q1 Time start 2023-12-20 08:28:30.499701992 +0000 UTC m=+0.354108668 fib30
logs q1 Time start 2023-12-20 08:28:30.501271164 +0000 UTC m=+0.355677840 fib
logs q1 Time start 2023-12-20 08:28:30.526744241 +0000 UTC m=+0.381150918 fib
logs q1 Time start 2023-12-20 08:28:30.551878532 +0000 UTC m=+0.406285208 fib
logs q1 Time start 2023-12-20 08:28:30.577017526 +0000 UTC m=+0.431424201 fib
logs q1 Time start 2023-12-20 08:28:30.603543282 +0000 UTC m=+0.457949963 fib
cmd.Wait 2023-12-20 08:28:30.62193145 +0000 UTC m=+0.476338171 fib10
fib10 475
logs q1 Time start 2023-12-20 08:28:30.628937135 +0000 UTC m=+0.483343816 fib
logs q1 Time start 2023-12-20 08:28:30.65524314 +0000 UTC m=+0.509649821 fib10
logs q1 Time start 2023-12-20 08:28:30.656906263 +0000 UTC m=+0.511312945 fib
cmd.Wait 2023-12-20 08:28:30.667197566 +0000 UTC m=+0.521604264 fib32
fib32 519
logs q1 Time start 2023-12-20 08:28:30.680901368 +0000 UTC m=+0.535308049 fib
logs q1 Time start 2023-12-20 08:28:30.706982968 +0000 UTC m=+0.561389649 fib32
logs q1 Time start 2023-12-20 08:28:30.708621474 +0000 UTC m=+0.563028155 fib
logs q1 Time start 2023-12-20 08:28:30.738223376 +0000 UTC m=+0.592630058 fib
logs q1 Time start 2023-12-20 08:28:30.764486989 +0000 UTC m=+0.618893670 fib
cmd.Wait 2023-12-20 08:28:30.90410565 +0000 UTC m=+0.758512331 fib40
fib40 756
cmd.Wait 2023-12-20 08:28:30.982868991 +0000 UTC m=+0.837275675 fib26
fib26 835
cmd.Wait 2023-12-20 08:28:31.073214895 +0000 UTC m=+0.927621640 fib36
fib36 925
cmd.Wait 2023-12-20 08:28:31.189468358 +0000 UTC m=+1.043875079 fib44
fib44 1041
cmd.Wait 2023-12-20 08:28:31.201476796 +0000 UTC m=+1.055883520 fib20
fib20 1054
cmd.Wait 2023-12-20 08:28:31.223508953 +0000 UTC m=+1.077915758 fib24
fib24 1076
cmd.Wait 2023-12-20 08:28:31.272498273 +0000 UTC m=+1.126904964 fib42
fib42 1125
cmd.Wait 2023-12-20 08:28:31.717566724 +0000 UTC m=+1.571973464 fib46
fib46 1570
cmd.Wait 2023-12-20 08:28:31.748688329 +0000 UTC m=+1.603095019 fib50
fib50 1601
cmd.Wait 2023-12-20 08:28:31.777863704 +0000 UTC m=+1.632270386 fib48
fib48 1630
cmd.Wait 2023-12-20 08:28:32.596511259 +0000 UTC m=+2.450918004 fib2
fib2 2449
cmd.Wait 2023-12-20 08:28:34.584073909 +0000 UTC m=+4.438480654 fib34
fib34 4436
cmd.Wait 2023-12-20 08:28:35.989704646 +0000 UTC m=+5.844111453 fib16
fib16 5842
cmd.Wait 2023-12-20 08:28:36.002885722 +0000 UTC m=+5.857292558 fib38
fib38 5855
cmd.Wait 2023-12-20 08:28:36.783739168 +0000 UTC m=+6.638145892 fib28
fib28 6636
