logs cpu 0
logs cpu 0
Execute 2023-12-20 08:27:44.634323069 +0000 UTC m=+0.001350829 fib11
Execute 2023-12-20 08:27:44.634197236 +0000 UTC m=+0.001225007 fib9
Execute 2023-12-20 08:27:44.634323435 +0000 UTC m=+0.001351198 fib13
Execute 2023-12-20 08:27:44.634245017 +0000 UTC m=+0.001272777 fib7
Execute 2023-12-20 08:27:44.634319361 +0000 UTC m=+0.001347245 fib49
Execute 2023-12-20 08:27:44.634814424 +0000 UTC m=+0.001842184 fib35
Execute 2023-12-20 08:27:44.634861401 +0000 UTC m=+0.001889162 fib33
Execute 2023-12-20 08:27:44.634889055 +0000 UTC m=+0.001916836 fib37
Execute 2023-12-20 08:27:44.634249715 +0000 UTC m=+0.001277483 fib5
Execute 2023-12-20 08:27:44.634965048 +0000 UTC m=+0.001992810 fib45
Execute 2023-12-20 08:27:44.634998047 +0000 UTC m=+0.002025808 fib31
Execute 2023-12-20 08:27:44.634997763 +0000 UTC m=+0.002025518 fib47
Execute 2023-12-20 08:27:44.634938675 +0000 UTC m=+0.001966474 fib41
Execute 2023-12-20 08:27:44.634968871 +0000 UTC m=+0.001996632 fib43
Execute 2023-12-20 08:27:44.634304701 +0000 UTC m=+0.001332461 fib1
Execute 2023-12-20 08:27:44.635187368 +0000 UTC m=+0.002215128 fib21
logs q1 Time start 2023-12-20 08:27:44.635271756 +0000 UTC m=+0.002299517 fib11
Execute 2023-12-20 08:27:44.634949596 +0000 UTC m=+0.001977356 fib39
Execute 2023-12-20 08:27:44.635179194 +0000 UTC m=+0.002207018 fib15
Execute 2023-12-20 08:27:44.635382953 +0000 UTC m=+0.002410715 fib17
Execute 2023-12-20 08:27:44.63540341 +0000 UTC m=+0.002431171 fib23
Execute 2023-12-20 08:27:44.635417984 +0000 UTC m=+0.002445744 fib29
Execute 2023-12-20 08:27:44.635389055 +0000 UTC m=+0.002416815 fib27
Execute 2023-12-20 08:27:44.635437868 +0000 UTC m=+0.002465629 fib25
Execute 2023-12-20 08:27:44.635449755 +0000 UTC m=+0.002477516 fib3
Execute 2023-12-20 08:27:44.635383215 +0000 UTC m=+0.002411014 fib19
cmd.Wait 2023-12-20 08:27:44.662955602 +0000 UTC m=+0.029983377 fib11
fib11 28
logs q1 Time start 2023-12-20 08:27:44.664251794 +0000 UTC m=+0.031279549 fib7
cmd.Wait 2023-12-20 08:27:44.677098637 +0000 UTC m=+0.044126410 fib7
fib7 42
logs q1 Time start 2023-12-20 08:27:44.677132744 +0000 UTC m=+0.044160505 fib13
cmd.Wait 2023-12-20 08:27:44.691892898 +0000 UTC m=+0.058920668 fib13
fib13 57
logs q1 Time start 2023-12-20 08:27:44.692602773 +0000 UTC m=+0.059630527 fib35
logs q1 Time start 2023-12-20 08:27:44.72927271 +0000 UTC m=+0.096300464 fib9
logs q1 Time start 2023-12-20 08:27:44.729292239 +0000 UTC m=+0.096319993 fib49
logs q1 Time start 2023-12-20 08:27:44.729301452 +0000 UTC m=+0.096329220 fib33
logs q1 Time start 2023-12-20 08:27:44.729318031 +0000 UTC m=+0.096345792 fib37
logs q1 Time start 2023-12-20 08:27:44.729347505 +0000 UTC m=+0.096375305 fib5
logs q1 Time start 2023-12-20 08:27:44.729376478 +0000 UTC m=+0.096404277 fib45
logs q1 Time start 2023-12-20 08:27:44.729568207 +0000 UTC m=+0.096596011 fib31
logs q1 Time start 2023-12-20 08:27:44.729601275 +0000 UTC m=+0.096629074 fib47
logs q1 Time start 2023-12-20 08:27:44.729702862 +0000 UTC m=+0.096730616 fib43
logs q1 Time start 2023-12-20 08:27:44.729737584 +0000 UTC m=+0.096765338 fib1
logs q1 Time start 2023-12-20 08:27:44.729799535 +0000 UTC m=+0.096827315 fib21
logs q1 Time start 2023-12-20 08:27:44.729819898 +0000 UTC m=+0.096847667 fib41
logs q1 Time start 2023-12-20 08:27:44.730179858 +0000 UTC m=+0.097207657 fib39
logs q1 Time start 2023-12-20 08:27:44.73032618 +0000 UTC m=+0.097353979 fib15
logs q1 Time start 2023-12-20 08:27:44.730725228 +0000 UTC m=+0.097753042 fib17
logs q1 Time start 2023-12-20 08:27:44.730824072 +0000 UTC m=+0.097851871 fib23
logs q1 Time start 2023-12-20 08:27:44.730875878 +0000 UTC m=+0.097903634 fib29
logs q1 Time start 2023-12-20 08:27:44.730893428 +0000 UTC m=+0.097921183 fib27
logs q1 Time start 2023-12-20 08:27:44.731252434 +0000 UTC m=+0.098280238 fib25
logs q1 Time start 2023-12-20 08:27:44.731343971 +0000 UTC m=+0.098371733 fib3
logs q1 Time start 2023-12-20 08:27:44.731595096 +0000 UTC m=+0.098622857 fib19
logs q1 Time start 2023-12-20 08:27:44.731659445 +0000 UTC m=+0.098687206 fib
logs q1 Time start 2023-12-20 08:27:44.758752193 +0000 UTC m=+0.125779955 fib
logs q1 Time start 2023-12-20 08:27:44.785600481 +0000 UTC m=+0.152628245 fib
logs q1 Time start 2023-12-20 08:27:44.81218561 +0000 UTC m=+0.179213374 fib
cmd.Wait 2023-12-20 08:27:44.836723003 +0000 UTC m=+0.203750888 fib21
fib21 201
logs q1 Time start 2023-12-20 08:27:44.838959817 +0000 UTC m=+0.205987581 fib
logs q1 Time start 2023-12-20 08:27:44.864654499 +0000 UTC m=+0.231682255 fib21
logs q1 Time start 2023-12-20 08:27:44.866343054 +0000 UTC m=+0.233370818 fib
logs q1 Time start 2023-12-20 08:27:44.892769862 +0000 UTC m=+0.259797625 fib
cmd.Wait 2023-12-20 08:27:44.91324146 +0000 UTC m=+0.280269228 fib37
fib37 278
logs q1 Time start 2023-12-20 08:27:44.917622455 +0000 UTC m=+0.284650212 fib
logs q1 Time start 2023-12-20 08:27:44.943078685 +0000 UTC m=+0.310106441 fib37
logs q1 Time start 2023-12-20 08:27:44.94464164 +0000 UTC m=+0.311669397 fib
logs q1 Time start 2023-12-20 08:27:44.969999785 +0000 UTC m=+0.337027541 fib
logs q1 Time start 2023-12-20 08:27:44.995345023 +0000 UTC m=+0.362372779 fib
cmd.Wait 2023-12-20 08:27:45.011697046 +0000 UTC m=+0.378724807 fib47
fib47 376
logs q1 Time start 2023-12-20 08:27:45.019395684 +0000 UTC m=+0.386423444 fib
logs q1 Time start 2023-12-20 08:27:45.045106144 +0000 UTC m=+0.412133901 fib47
logs q1 Time start 2023-12-20 08:27:45.046631776 +0000 UTC m=+0.413659533 fib
cmd.Wait 2023-12-20 08:27:45.070823273 +0000 UTC m=+0.437851076 fib3
fib3 435
logs q1 Time start 2023-12-20 08:27:45.071795883 +0000 UTC m=+0.438823639 fib
logs q1 Time start 2023-12-20 08:27:45.097109835 +0000 UTC m=+0.464137590 fib3
logs q1 Time start 2023-12-20 08:27:45.098644892 +0000 UTC m=+0.465672649 fib
logs q1 Time start 2023-12-20 08:27:45.124010507 +0000 UTC m=+0.491038262 fib
logs q1 Time start 2023-12-20 08:27:45.14942028 +0000 UTC m=+0.516448036 fib
cmd.Wait 2023-12-20 08:27:45.173540072 +0000 UTC m=+0.540567896 fib23
fib23 538
logs q1 Time start 2023-12-20 08:27:45.177613623 +0000 UTC m=+0.544641384 fib
cmd.Wait 2023-12-20 08:27:45.195364231 +0000 UTC m=+0.562392115 fib25
logs q1 Time start 2023-12-20 08:27:45.202488021 +0000 UTC m=+0.569515784 fib23
fib25 559
logs q1 Time start 2023-12-20 08:27:45.204154744 +0000 UTC m=+0.571182508 fib
cmd.Wait 2023-12-20 08:27:45.204432023 +0000 UTC m=+0.571459817 fib39
fib39 569
logs q1 Time start 2023-12-20 08:27:45.230494976 +0000 UTC m=+0.597522739 fib
cmd.Wait 2023-12-20 08:27:45.454425325 +0000 UTC m=+0.821453154 fib19
fib19 819
cmd.Wait 2023-12-20 08:27:45.481626767 +0000 UTC m=+0.848654572 fib41
fib41 846
cmd.Wait 2023-12-20 08:27:45.484796906 +0000 UTC m=+0.851824664 fib27
fib27 849
cmd.Wait 2023-12-20 08:27:46.001511664 +0000 UTC m=+1.368539462 fib17
fib17 1366
cmd.Wait 2023-12-20 08:27:46.016787175 +0000 UTC m=+1.383814936 fib43
fib43 1381
cmd.Wait 2023-12-20 08:27:46.323529877 +0000 UTC m=+1.690557647 fib35
fib35 1688
cmd.Wait 2023-12-20 08:27:47.031810831 +0000 UTC m=+2.398838634 fib9
fib9 2397
cmd.Wait 2023-12-20 08:27:47.82514887 +0000 UTC m=+3.192176665 fib49
fib49 3190
cmd.Wait 2023-12-20 08:27:49.178394222 +0000 UTC m=+4.545422111 fib5
fib5 4544
cmd.Wait 2023-12-20 08:27:49.214964247 +0000 UTC m=+4.581992034 fib15
fib15 4579
cmd.Wait 2023-12-20 08:27:50.696938304 +0000 UTC m=+6.063966153 fib45
fib45 6061
cmd.Wait 2023-12-20 08:27:52.543418879 +0000 UTC m=+7.910446765 fib29
fib29 7908
cmd.Wait 2023-12-20 08:27:52.615042897 +0000 UTC m=+7.982070786 fib31
fib31 7980
cmd.Wait 2023-12-20 08:27:54.118420744 +0000 UTC m=+9.485448673 fib33
fib33 9483
cmd.Wait 2023-12-20 08:27:54.129393065 +0000 UTC m=+9.496420884 fib1
fib1 9495
